#
# gridID 1
#
gridtype  = gaussian
gridsize  = 2880000
xsize     = 2400
ysize     = 1200
xname     = lon
xlongname = "longitude"
xunits    = "degrees_east"
yname     = lat
ylongname = "latitude"
yunits    = "degrees_north"
numLPE    = 600
xfirst    = 0
xinc      = 0.15
yvals     = 89.8852258634434 89.7365454650909 89.5869870286299 89.4372302059092 89.2873981305952 
            89.1375296403688 88.9876407994003 88.8377394426624 88.6878298435213 88.5379145298315 
            88.3879950921464 88.2380725811097 88.0881477185421 87.9382210167069 87.7882928491913 
            87.6383634948465 87.4884331660212 87.3385020272669 87.1885702080672 87.038637811706 
            86.8887049215736 86.7387716057359 86.5888379202996 86.4389039119277 86.2889696197462 
            86.1390350768064 85.9891003112199 85.839165347048 85.6892302050058 85.5392949030242 
            85.3893594567027 85.2394238796759 85.0894881839138 84.9395523799682 84.7896164771766 
            84.639680483832 84.4897444073251 84.3398082542636 84.1898720305732 84.0399357415836 
            83.8899993921014 83.7400629864725 83.5901265286368 83.4401900221735 83.2902534703423 
            83.1403168761178 82.99038024222 82.8404435711413 82.6905068651695 82.5405701264086 
            82.3906333567967 82.2406965581221 82.0907597320376 81.9408228800728 81.7908860036459 
            81.6409491040731 81.4910121825779 81.3410752402991 81.191138278298 81.0412012975647 
            80.8912642990244 80.741327283542 80.5913902519276 80.4414532049404 80.2915161432925 
            80.1415790676529 79.9916419786505 79.841704876877 79.6917677628896 79.5418306372138 
            79.3918935003452 79.2419563527518 79.0920191948758 78.9420820271356 78.7921448499271 
            78.6422076636253 78.4922704685857 78.3423332651454 78.1923960536246 78.0424588343272 
            77.8925216075421 77.7425843735442 77.5926471325951 77.4427098849437 77.2927726308273 
            77.1428353704722 76.9928981040942 76.8429608318991 76.6930235540837 76.5430862708359 
            76.3931489823353 76.2432116887537 76.0932743902555 75.9433370869981 75.7933997791321 
            75.6434624668021 75.4935251501465 75.3435878292981 75.1936505043843 75.0437131755274 
            74.8937758428449 74.7438385064497 74.5939011664501 74.4439638229505 74.2940264760511 
            74.1440891258484 73.9941517724353 73.8442144159012 73.6942770563324 73.5443396938117 
            73.3944023284191 73.244464960232 73.0945275893245 72.9445902157686 72.7946528396335 
            72.644715460986 72.4947780798909 72.3448406964106 72.1949033106052 72.0449659225332 
            71.8950285322508 71.7450911398127 71.5951537452715 71.4452163486783 71.2952789500823 
            71.1453415495317 70.9954041470724 70.8454667427496 70.6955293366066 70.5455919286856 
            70.3956545190274 70.2457171076717 70.0957796946567 69.9458422800199 69.7959048637973 
            69.6459674460241 69.4960300267343 69.346092605961 69.1961551837363 69.0462177600915 
            68.8962803350568 68.7463429086617 68.5964054809349 68.4464680519042 68.2965306215966 
            68.1465931900386 67.9966557572557 67.8467183232728 67.6967808881142 67.5468434518034 
            67.3969060143636 67.246968575817 67.0970311361854 66.9470936954901 66.7971562537517 
            66.6472188109903 66.4972813672257 66.3473439224769 66.1974064767625 66.0474690301008 
            65.8975315825095 65.7475941340059 65.5976566846068 65.4477192343288 65.2977817831877 
            65.1478443311995 64.9979068783792 64.8479694247419 64.6980319703022 64.5480945150742 
            64.3981570590718 64.2482196023087 64.0982821447982 63.9483446865531 63.7984072275861 
            63.6484697679096 63.4985323075357 63.3485948464762 63.1986573847427 63.0487199223465 
            62.8987824592986 62.7488449956099 62.5989075312909 62.4489700663519 62.2990326008031 
            62.1490951346543 61.9991576679154 61.8492202005957 61.6992827327045 61.5493452642509 
            61.3994077952439 61.2494703256921 61.099532855604 60.9495953849881 60.7996579138525 
            60.6497204422052 60.4997829700541 60.3498454974068 60.199908024271 60.049970550654 
            59.900033076563 59.7500956020052 59.6001581269875 59.4502206515167 59.3002831755996 
            59.1503456992427 59.0004082224524 58.850470745235 58.7005332675968 58.5505957895438 
            58.4006583110819 58.2507208322171 58.1007833529551 57.9508458733014 57.8009083932616 
            57.6509709128411 57.5010334320453 57.3510959508794 57.2011584693485 57.0512209874576 
            56.9012835052118 56.7513460226158 56.6014085396744 56.4514710563924 56.3015335727742 
            56.1515960888245 56.0016586045477 55.8517211199481 55.70178363503 55.5518461497977 
            55.4019086642553 55.2519711784069 55.1020336922564 54.9520962058078 54.8021587190649 
            54.6522212320317 54.5022837447117 54.3523462571087 54.2024087692263 54.052471281068 
            53.9025337926373 53.7525963039378 53.6026588149727 53.4527213257453 53.302783836259 
            53.152846346517 53.0029088565224 52.8529713662784 52.703033875788 52.5530963850542 
            52.40315889408 52.2532214028683 52.1032839114221 51.9533464197441 51.8034089278371 
            51.6534714357038 51.5035339433471 51.3535964507695 51.2036589579736 51.053721464962 
            50.9037839717374 50.7538464783021 50.6039089846586 50.4539714908094 50.3040339967568 
            50.1540965025033 50.0041590080511 49.8542215134025 49.7042840185598 49.5543465235251 
            49.4044090283007 49.2544715328888 49.1045340372914 48.9545965415107 48.8046590455486 
            48.6547215494073 48.5047840530888 48.3548465565949 48.2049090599277 48.0549715630892 
            47.905034066081 47.7550965689053 47.6051590715637 47.4552215740581 47.3052840763904 
            47.1553465785621 47.0054090805752 46.8554715824313 46.705534084132 46.5555965856792 
            46.4056590870744 46.2557215883192 46.1057840894153 45.9558465903642 45.8059090911675 
            45.6559715918268 45.5060340923435 45.3560965927192 45.2061590929553 45.0562215930533 
            44.9062840930146 44.7563465928407 44.6064090925329 44.4564715920927 44.3065340915214 
            44.1565965908204 44.006659089991 43.8567215890345 43.7067840879523 43.5568465867455 
            43.4069090854155 43.2569715839635 43.1070340823907 42.9570965806985 42.8071590788879 
            42.6572215769602 42.5072840749165 42.3573465727581 42.207409070486 42.0574715681013 
            41.9075340656053 41.757596562999 41.6076590602835 41.4577215574599 41.3077840545292 
            41.1578465514925 41.0079090483509 40.8579715451053 40.7080340417568 40.5580965383064 
            40.4081590347551 40.2582215311039 40.1082840273537 39.9583465235054 39.8084090195602 
            39.6584715155187 39.5085340113821 39.3585965071512 39.2086590028269 39.0587214984102 
            38.9087839939018 38.7588464893027 38.6089089846137 38.4589714798357 38.3090339749696 
            38.1590964700161 38.0091589649761 37.8592214598505 37.7092839546399 37.5593464493453 
            37.4094089439674 37.259471438507 37.1095339329648 36.9595964273417 36.8096589216384 
            36.6597214158556 36.5097839099941 36.3598464040546 36.2099088980378 36.0599713919445 
            35.9100338857753 35.7600963795311 35.6101588732123 35.4602213668199 35.3102838603543 
            35.1603463538164 35.0104088472067 34.8604713405259 34.7105338337748 34.5605963269538 
            34.4106588200638 34.2607213131052 34.1107838060788 33.9608462989851 33.8109087918248 
            33.6609712845984 33.5110337773066 33.36109626995 33.2111587625292 33.0612212550447 
            32.9112837474971 32.761346239887 32.611408732215 32.4614712244816 32.3115337166874 
            32.1615962088329 32.0116587009187 31.8617211929453 31.7117836849133 31.5618461768232 
            31.4119086686754 31.2619711604706 31.1120336522093 30.9620961438919 30.812158635519 
            30.662221127091 30.5122836186085 30.362346110072 30.2124086014819 30.0624710928388 
            29.912533584143 29.7625960753951 29.6126585665956 29.4627210577449 29.3127835488435 
            29.1628460398918 29.0129085308903 28.8629710218394 28.7130335127397 28.5630960035914 
            28.4131584943952 28.2632209851513 28.1132834758602 27.9633459665225 27.8134084571384 
            27.6634709477084 27.5135334382329 27.3635959287123 27.2136584191471 27.0637209095376 
            26.9137833998843 26.7638458901875 26.6139083804477 26.4639708706652 26.3140333608404 
            26.1640958509737 26.0141583410656 25.8642208311162 25.7142833211262 25.5643458110957 
            25.4144083010253 25.2644707909152 25.1145332807658 24.9645957705775 24.8146582603507 
            24.6647207500856 24.5147832397827 24.3648457294424 24.2149082190648 24.0649707086505 
            23.9150331981997 23.7650956877128 23.6151581771901 23.465220666632 23.3152831560387 
            23.1653456454107 23.0154081347482 22.8654706240516 22.7155331133212 22.5655956025573 
            22.4156580917602 22.2657205809302 22.1157830700678 21.9658455591731 21.8159080482465 
            21.6659705372882 21.5160330262987 21.3660955152782 21.2161580042269 21.0662204931453 
            20.9162829820335 20.766345470892 20.6164079597209 20.4664704485206 20.3165329372913 
            20.1665954260334 20.0166579147471 19.8667204034327 19.7167828920906 19.5668453807209 
            19.416907869324 19.2669703579 19.1170328464494 18.9670953349724 18.8171578234692 
            18.6672203119401 18.5172828003854 18.3673452888053 18.2174077772002 18.0674702655702 
            17.9175327539157 17.7675952422368 17.6176577305339 17.4677202188072 17.317782707057 
            17.1678451952835 17.0179076834869 16.8679701716676 16.7180326598257 16.5680951479616 
            16.4181576360754 16.2682201241674 16.1182826122378 15.968345100287 15.818407588315 
            15.6684700763223 15.5185325643089 15.3685950522752 15.2186575402214 15.0687200281476 
            14.9187825160543 14.7688450039414 14.6189074918095 14.4689699796585 14.3190324674888 
            14.1690949553007 14.0191574430942 13.8692199308697 13.7192824186273 13.5693449063674 
            13.41940739409 13.2694698817955 13.1195323694841 12.9695948571559 12.8196573448112 
            12.6697198324502 12.5197823200732 12.3698448076803 12.2199072952717 12.0699697828478 
            11.9200322704085 11.7700947579543 11.6201572454853 11.4702197330017 11.3202822205038 
            11.1703447079916 11.0204071954655 10.8704696829256 10.7205321703722 10.5705946578054 
            10.4206571452255 10.2707196326327 10.1207821200271 9.97084460740895 9.82090709477848 
            9.67096958213589 9.52103206948135 9.37109455681507 9.22115704413727 9.0712195314481 
            8.92128201874779 8.77134450603657 8.62140699331457 8.47146948058202 8.32153196783911 
            8.17159445508601 8.02165694232297 7.87171942955012 7.72178191676769 7.57184440397585 
            7.42190689117482 7.27196937836476 7.12203186554588 6.97209435271836 6.8221568398824 
            6.67221932703817 6.52228181418587 6.3723443013257 6.22240678845781 6.07246927558243 
            5.92253176269971 5.77259424980988 5.62265673691307 5.47271922400951 5.32278171109937 
            5.17284419818282 5.02290668526007 4.8729691723313 4.72303165939667 4.57309414645638 
            4.42315663351062 4.27321912055955 4.12328160760338 3.97334409464228 3.82340658167641 
            3.67346906870597 3.52353155573118 3.37359404275215 3.22365652976909 3.0737190167822 
            2.92378150379164 2.77384399079759 2.62390647780026 2.47396896479977 2.32403145179635 
            2.17409393879016 2.02415642578138 1.87421891277019 1.7242813997568 1.57434388674131 
            1.42440637372398 1.27446886070495 1.1245313476844 0.974593834662507 0.824656321639474 
            0.674718808615448 0.524781295590621 0.37484378256517 0.224906269539287 
            0.0749687565131233 -0.0749687565131233 -0.224906269539287 -0.37484378256517 
            -0.524781295590621 -0.674718808615448 -0.824656321639474 -0.974593834662507 
            -1.1245313476844 -1.27446886070495 -1.42440637372398 -1.57434388674131 
            -1.7242813997568 -1.87421891277019 -2.02415642578138 -2.17409393879016 
            -2.32403145179635 -2.47396896479977 -2.62390647780026 -2.77384399079759 
            -2.92378150379164 -3.0737190167822 -3.22365652976909 -3.37359404275215 
            -3.52353155573118 -3.67346906870597 -3.82340658167641 -3.97334409464228 
            -4.12328160760338 -4.27321912055955 -4.42315663351062 -4.57309414645638 
            -4.72303165939667 -4.8729691723313 -5.02290668526007 -5.17284419818282 
            -5.32278171109937 -5.47271922400951 -5.62265673691307 -5.77259424980988 
            -5.92253176269971 -6.07246927558243 -6.22240678845781 -6.3723443013257 
            -6.52228181418587 -6.67221932703817 -6.8221568398824 -6.97209435271836 
            -7.12203186554588 -7.27196937836476 -7.42190689117482 -7.57184440397585 
            -7.72178191676769 -7.87171942955012 -8.02165694232297 -8.17159445508601 
            -8.32153196783911 -8.47146948058202 -8.62140699331457 -8.77134450603657 
            -8.92128201874779 -9.0712195314481 -9.22115704413727 -9.37109455681507 
            -9.52103206948135 -9.67096958213589 -9.82090709477848 -9.97084460740895 
            -10.1207821200271 -10.2707196326327 -10.4206571452255 -10.5705946578054 
            -10.7205321703722 -10.8704696829256 -11.0204071954655 -11.1703447079916 
            -11.3202822205038 -11.4702197330017 -11.6201572454853 -11.7700947579543 
            -11.9200322704085 -12.0699697828478 -12.2199072952717 -12.3698448076803 
            -12.5197823200732 -12.6697198324502 -12.8196573448112 -12.9695948571559 
            -13.1195323694841 -13.2694698817955 -13.41940739409 -13.5693449063674 
            -13.7192824186273 -13.8692199308697 -14.0191574430942 -14.1690949553007 
            -14.3190324674888 -14.4689699796585 -14.6189074918095 -14.7688450039414 
            -14.9187825160543 -15.0687200281476 -15.2186575402214 -15.3685950522752 
            -15.5185325643089 -15.6684700763223 -15.818407588315 -15.968345100287 
            -16.1182826122378 -16.2682201241674 -16.4181576360754 -16.5680951479616 
            -16.7180326598257 -16.8679701716676 -17.0179076834869 -17.1678451952835 
            -17.317782707057 -17.4677202188072 -17.6176577305339 -17.7675952422368 
            -17.9175327539157 -18.0674702655702 -18.2174077772002 -18.3673452888053 
            -18.5172828003854 -18.6672203119401 -18.8171578234692 -18.9670953349724 
            -19.1170328464494 -19.2669703579 -19.416907869324 -19.5668453807209 -19.7167828920906 
            -19.8667204034327 -20.0166579147471 -20.1665954260334 -20.3165329372913 
            -20.4664704485206 -20.6164079597209 -20.766345470892 -20.9162829820335 
            -21.0662204931453 -21.2161580042269 -21.3660955152782 -21.5160330262987 
            -21.6659705372882 -21.8159080482465 -21.9658455591731 -22.1157830700678 
            -22.2657205809302 -22.4156580917602 -22.5655956025573 -22.7155331133212 
            -22.8654706240516 -23.0154081347482 -23.1653456454107 -23.3152831560387 
            -23.465220666632 -23.6151581771901 -23.7650956877128 -23.9150331981997 
            -24.0649707086505 -24.2149082190648 -24.3648457294424 -24.5147832397827 
            -24.6647207500856 -24.8146582603507 -24.9645957705775 -25.1145332807658 
            -25.2644707909152 -25.4144083010253 -25.5643458110957 -25.7142833211262 
            -25.8642208311162 -26.0141583410656 -26.1640958509737 -26.3140333608404 
            -26.4639708706652 -26.6139083804477 -26.7638458901875 -26.9137833998843 
            -27.0637209095376 -27.2136584191471 -27.3635959287123 -27.5135334382329 
            -27.6634709477084 -27.8134084571384 -27.9633459665225 -28.1132834758602 
            -28.2632209851513 -28.4131584943952 -28.5630960035914 -28.7130335127397 
            -28.8629710218394 -29.0129085308903 -29.1628460398918 -29.3127835488435 
            -29.4627210577449 -29.6126585665956 -29.7625960753951 -29.912533584143 
            -30.0624710928388 -30.2124086014819 -30.362346110072 -30.5122836186085 
            -30.662221127091 -30.812158635519 -30.9620961438919 -31.1120336522093 
            -31.2619711604706 -31.4119086686754 -31.5618461768232 -31.7117836849133 
            -31.8617211929453 -32.0116587009187 -32.1615962088329 -32.3115337166874 
            -32.4614712244816 -32.611408732215 -32.761346239887 -32.9112837474971 
            -33.0612212550447 -33.2111587625292 -33.36109626995 -33.5110337773066 
            -33.6609712845984 -33.8109087918248 -33.9608462989851 -34.1107838060788 
            -34.2607213131052 -34.4106588200638 -34.5605963269538 -34.7105338337748 
            -34.8604713405259 -35.0104088472067 -35.1603463538164 -35.3102838603543 
            -35.4602213668199 -35.6101588732123 -35.7600963795311 -35.9100338857753 
            -36.0599713919445 -36.2099088980378 -36.3598464040546 -36.5097839099941 
            -36.6597214158556 -36.8096589216384 -36.9595964273417 -37.1095339329648 
            -37.259471438507 -37.4094089439674 -37.5593464493453 -37.7092839546399 
            -37.8592214598505 -38.0091589649761 -38.1590964700161 -38.3090339749696 
            -38.4589714798357 -38.6089089846137 -38.7588464893027 -38.9087839939018 
            -39.0587214984102 -39.2086590028269 -39.3585965071512 -39.5085340113821 
            -39.6584715155187 -39.8084090195602 -39.9583465235054 -40.1082840273537 
            -40.2582215311039 -40.4081590347551 -40.5580965383064 -40.7080340417568 
            -40.8579715451053 -41.0079090483509 -41.1578465514925 -41.3077840545292 
            -41.4577215574599 -41.6076590602835 -41.757596562999 -41.9075340656053 
            -42.0574715681013 -42.207409070486 -42.3573465727581 -42.5072840749165 
            -42.6572215769602 -42.8071590788879 -42.9570965806985 -43.1070340823907 
            -43.2569715839635 -43.4069090854155 -43.5568465867455 -43.7067840879523 
            -43.8567215890345 -44.006659089991 -44.1565965908204 -44.3065340915214 
            -44.4564715920927 -44.6064090925329 -44.7563465928407 -44.9062840930146 
            -45.0562215930533 -45.2061590929553 -45.3560965927192 -45.5060340923435 
            -45.6559715918268 -45.8059090911675 -45.9558465903642 -46.1057840894153 
            -46.2557215883192 -46.4056590870744 -46.5555965856792 -46.705534084132 
            -46.8554715824313 -47.0054090805752 -47.1553465785621 -47.3052840763904 
            -47.4552215740581 -47.6051590715637 -47.7550965689053 -47.905034066081 
            -48.0549715630892 -48.2049090599277 -48.3548465565949 -48.5047840530888 
            -48.6547215494073 -48.8046590455486 -48.9545965415107 -49.1045340372914 
            -49.2544715328888 -49.4044090283007 -49.5543465235251 -49.7042840185598 
            -49.8542215134025 -50.0041590080511 -50.1540965025033 -50.3040339967568 
            -50.4539714908094 -50.6039089846586 -50.7538464783021 -50.9037839717374 
            -51.053721464962 -51.2036589579736 -51.3535964507695 -51.5035339433471 
            -51.6534714357038 -51.8034089278371 -51.9533464197441 -52.1032839114221 
            -52.2532214028683 -52.40315889408 -52.5530963850542 -52.703033875788 
            -52.8529713662784 -53.0029088565224 -53.152846346517 -53.302783836259 
            -53.4527213257453 -53.6026588149727 -53.7525963039378 -53.9025337926373 
            -54.052471281068 -54.2024087692263 -54.3523462571087 -54.5022837447117 
            -54.6522212320317 -54.8021587190649 -54.9520962058078 -55.1020336922564 
            -55.2519711784069 -55.4019086642553 -55.5518461497977 -55.70178363503 
            -55.8517211199481 -56.0016586045477 -56.1515960888245 -56.3015335727742 
            -56.4514710563924 -56.6014085396744 -56.7513460226158 -56.9012835052118 
            -57.0512209874576 -57.2011584693485 -57.3510959508794 -57.5010334320453 
            -57.6509709128411 -57.8009083932616 -57.9508458733014 -58.1007833529551 
            -58.2507208322171 -58.4006583110819 -58.5505957895438 -58.7005332675968 
            -58.850470745235 -59.0004082224524 -59.1503456992427 -59.3002831755996 
            -59.4502206515167 -59.6001581269875 -59.7500956020052 -59.900033076563 
            -60.049970550654 -60.199908024271 -60.3498454974068 -60.4997829700541 
            -60.6497204422052 -60.7996579138525 -60.9495953849881 -61.099532855604 
            -61.2494703256921 -61.3994077952439 -61.5493452642509 -61.6992827327045 
            -61.8492202005957 -61.9991576679154 -62.1490951346543 -62.2990326008031 
            -62.4489700663519 -62.5989075312909 -62.7488449956099 -62.8987824592986 
            -63.0487199223465 -63.1986573847427 -63.3485948464762 -63.4985323075357 
            -63.6484697679096 -63.7984072275861 -63.9483446865531 -64.0982821447982 
            -64.2482196023087 -64.3981570590718 -64.5480945150742 -64.6980319703022 
            -64.8479694247419 -64.9979068783792 -65.1478443311995 -65.2977817831877 
            -65.4477192343288 -65.5976566846068 -65.7475941340059 -65.8975315825095 
            -66.0474690301008 -66.1974064767625 -66.3473439224769 -66.4972813672257 
            -66.6472188109903 -66.7971562537517 -66.9470936954901 -67.0970311361854 
            -67.246968575817 -67.3969060143636 -67.5468434518034 -67.6967808881142 
            -67.8467183232728 -67.9966557572557 -68.1465931900386 -68.2965306215966 
            -68.4464680519042 -68.5964054809349 -68.7463429086617 -68.8962803350568 
            -69.0462177600915 -69.1961551837363 -69.346092605961 -69.4960300267343 
            -69.6459674460241 -69.7959048637973 -69.9458422800199 -70.0957796946567 
            -70.2457171076717 -70.3956545190274 -70.5455919286856 -70.6955293366066 
            -70.8454667427496 -70.9954041470724 -71.1453415495317 -71.2952789500823 
            -71.4452163486783 -71.5951537452715 -71.7450911398127 -71.8950285322508 
            -72.0449659225332 -72.1949033106052 -72.3448406964106 -72.4947780798909 
            -72.644715460986 -72.7946528396335 -72.9445902157686 -73.0945275893245 
            -73.244464960232 -73.3944023284191 -73.5443396938117 -73.6942770563324 
            -73.8442144159012 -73.9941517724353 -74.1440891258484 -74.2940264760511 
            -74.4439638229505 -74.5939011664501 -74.7438385064497 -74.8937758428449 
            -75.0437131755274 -75.1936505043843 -75.3435878292981 -75.4935251501465 
            -75.6434624668021 -75.7933997791321 -75.9433370869981 -76.0932743902555 
            -76.2432116887537 -76.3931489823353 -76.5430862708359 -76.6930235540837 
            -76.8429608318991 -76.9928981040942 -77.1428353704722 -77.2927726308273 
            -77.4427098849437 -77.5926471325951 -77.7425843735442 -77.8925216075421 
            -78.0424588343272 -78.1923960536246 -78.3423332651454 -78.4922704685857 
            -78.6422076636253 -78.7921448499271 -78.9420820271356 -79.0920191948758 
            -79.2419563527518 -79.3918935003452 -79.5418306372138 -79.6917677628896 
            -79.841704876877 -79.9916419786505 -80.1415790676529 -80.2915161432925 
            -80.4414532049404 -80.5913902519276 -80.741327283542 -80.8912642990244 
            -81.0412012975647 -81.191138278298 -81.3410752402991 -81.4910121825779 
            -81.6409491040731 -81.7908860036459 -81.9408228800728 -82.0907597320376 
            -82.2406965581221 -82.3906333567967 -82.5405701264086 -82.6905068651695 
            -82.8404435711413 -82.99038024222 -83.1403168761178 -83.2902534703423 
            -83.4401900221735 -83.5901265286368 -83.7400629864725 -83.8899993921014 
            -84.0399357415836 -84.1898720305732 -84.3398082542636 -84.4897444073251 
            -84.639680483832 -84.7896164771766 -84.9395523799682 -85.0894881839138 
            -85.2394238796759 -85.3893594567027 -85.5392949030242 -85.6892302050058 
            -85.839165347048 -85.9891003112199 -86.1390350768064 -86.2889696197462 
            -86.4389039119277 -86.5888379202996 -86.7387716057359 -86.8887049215736 
            -87.038637811706 -87.1885702080672 -87.3385020272669 -87.4884331660212 
            -87.6383634948465 -87.7882928491913 -87.9382210167069 -88.0881477185421 
            -88.2380725811097 -88.3879950921464 -88.5379145298315 -88.6878298435213 
            -88.8377394426624 -88.9876407994003 -89.1375296403688 -89.2873981305952 
            -89.4372302059092 -89.5869870286299 -89.7365454650909 -89.8852258634434 
ybounds   = 89.8161347199631 90 
            89.6645877143711 89.8161347199631 
            89.5140459403687 89.6645877143711 
            89.3637908720158 89.5140459403687 
            89.2136574030474 89.3637908720158 
            89.0635868588077 89.2136574030474 
            88.913553102954 89.0635868588077 
            88.7635427197662 88.913553102954 
            88.6135481120733 88.7635427197662 
            88.4635646544339 88.6135481120733 
            88.3135893691619 88.4635646544339 
            88.1636202524258 88.3135893691619 
            88.0136559061369 88.1636202524258 
            87.8636953251025 88.0136559061369 
            87.7137377680499 87.8636953251025 
            87.5637826763308 87.7137377680499 
            87.4138296209375 87.5637826763308 
            87.2638782669557 87.4138296209375 
            87.1139283491052 87.2638782669557 
            86.9639796545354 87.1139283491052 
            86.8140320104817 86.9639796545354 
            86.664085275252 86.8140320104817 
            86.5141393315412 86.664085275252 
            86.3641940814007 86.5141393315412 
            86.2142494424039 86.3641940814007 
            86.0643053446885 86.2142494424039 
            85.91436172865 86.0643053446885 
            85.7644185431258 85.91436172865 
            85.6144757439518 85.7644185431258 
            85.4645332928051 85.6144757439518 
            85.3145911562692 85.4645332928051 
            85.164649305073 85.3145911562692 
            85.0147077134676 85.164649305073 
            84.8647663587119 85.0147077134676 
            84.7148252206454 84.8647663587119 
            84.5648842813329 84.7148252206454 
            84.4149435247653 84.5648842813329 
            84.265002936608 84.4149435247653 
            84.1150625039873 84.265002936608 
            83.9651222153092 84.1150625039873 
            83.8151820601039 83.9651222153092 
            83.665242028893 83.8151820601039 
            83.515302113075 83.665242028893 
            83.3653623048258 83.515302113075 
            83.2154225970132 83.3653623048258 
            83.0654829831216 83.2154225970132 
            82.9155434571873 83.0654829831216 
            82.765604013741 82.9155434571873 
            82.6156646477575 82.765604013741 
            82.4657253546118 82.6156646477575 
            82.3157861300398 82.4657253546118 
            82.1658469701041 82.3157861300398 
            82.0159078711626 82.1658469701041 
            81.8659688298423 82.0159078711626 
            81.716029843014 81.8659688298423 
            81.5660909077713 81.716029843014 
            81.4161520214108 81.5660909077713 
            81.2662131814146 81.4161520214108 
            81.116274385435 81.2662131814146 
            80.9663356312802 81.116274385435 
            80.8163969169013 80.9663356312802 
            80.6664582403813 80.8163969169013 
            80.5165195999242 80.6664582403813 
            80.3665809938461 80.5165195999242 
            80.2166424205661 80.3665809938461 
            80.0667038785989 80.2166424205661 
            79.9167653665474 80.0667038785989 
            79.7668268830965 79.9167653665474 
            79.6168884270071 79.7668268830965 
            79.4669499971106 79.6168884270071 
            79.3170115923039 79.4669499971106 
            79.1670732115451 79.3170115923039 
            79.0171348538492 79.1670732115451 
            78.8671965182841 79.0171348538492 
            78.7172582039676 78.8671965182841 
            78.5673199100634 78.7172582039676 
            78.4173816357787 78.5673199100634 
            78.2674433803612 78.4173816357787 
            78.1175051430966 78.2674433803612 
            77.967566923306 78.1175051430966 
            77.8176287203442 77.967566923306 
            77.6676905335972 77.8176287203442 
            77.5177523624807 77.6676905335972 
            77.3678142064379 77.5177523624807 
            77.2178760649382 77.3678142064379 
            77.0679379374756 77.2178760649382 
            76.9179998235674 77.0679379374756 
            76.7680617227528 76.9179998235674 
            76.6181236345913 76.7680617227528 
            76.4681855586625 76.6181236345913 
            76.3182474945639 76.4681855586625 
            76.1683094419107 76.3182474945639 
            76.0183714003346 76.1683094419107 
            75.8684333694828 76.0183714003346 
            75.7184953490175 75.8684333694828 
            75.5685573386149 75.7184953490175 
            75.4186193379644 75.5685573386149 
            75.268681346768 75.4186193379644 
            75.1187433647401 75.268681346768 
            74.9688053916059 75.1187433647401 
            74.818867427102 74.9688053916059 
            74.668929470975 74.818867427102 
            74.5189915229813 74.668929470975 
            74.3690535828868 74.5189915229813 
            74.2191156504663 74.3690535828868 
            74.0691777255029 74.2191156504663 
            73.919239807788 74.0691777255029 
            73.7693018971205 73.919239807788 
            73.6193639933068 73.7693018971205 
            73.4694260961604 73.6193639933068 
            73.3194882055012 73.4694260961604 
            73.1695503211558 73.3194882055012 
            73.0196124429569 73.1695503211558 
            72.8696745707428 73.0196124429569 
            72.7197367043579 72.8696745707428 
            72.5697988436513 72.7197367043579 
            72.4198609884779 72.5697988436513 
            72.2699231386971 72.4198609884779 
            72.119985294173 72.2699231386971 
            71.9700474547745 72.119985294173 
            71.8201096203747 71.9700474547745 
            71.6701717908507 71.8201096203747 
            71.5202339660837 71.6701717908507 
            71.3702961459588 71.5202339660837 
            71.2203583303646 71.3702961459588 
            71.0704205191935 71.2203583303646 
            70.9204827123409 71.0704205191935 
            70.7705449097059 70.9204827123409 
            70.6206071111903 70.7705449097059 
            70.4706693166991 70.6206071111903 
            70.3207315261404 70.4706693166991 
            70.1707937394246 70.3207315261404 
            70.0208559564653 70.1707937394246 
            69.8709181771784 70.0208559564653 
            69.7209804014822 69.8709181771784 
            69.5710426292977 69.7209804014822 
            69.4211048605478 69.5710426292977 
            69.2711670951581 69.4211048605478 
            69.1212293330559 69.2711670951581 
            68.9712915741709 69.1212293330559 
            68.8213538184346 68.9712915741709 
            68.6714160657804 68.8213538184346 
            68.5214783161438 68.6714160657804 
            68.3715405694618 68.5214783161438 
            68.2216028256733 68.3715405694618 
            68.0716650847189 68.2216028256733 
            67.9217273465406 68.0716650847189 
            67.7717896110822 67.9217273465406 
            67.6218518782889 67.7717896110822 
            67.4719141481074 67.6218518782889 
            67.3219764204857 67.4719141481074 
            67.1720386953733 67.3219764204857 
            67.022100972721 67.1720386953733 
            66.8721632524807 67.022100972721 
            66.7222255346059 66.8721632524807 
            66.5722878190508 66.7222255346059 
            66.4223501057712 66.5722878190508 
            66.2724123947238 66.4223501057712 
            66.1224746858664 66.2724123947238 
            65.972536979158 66.1224746858664 
            65.8225992745584 65.972536979158 
            65.6726615720285 65.8225992745584 
            65.5227238715301 65.6726615720285 
            65.3727861730261 65.5227238715301 
            65.2228484764801 65.3727861730261 
            65.0729107818566 65.2228484764801 
            64.9229730891211 65.0729107818566 
            64.7730353982398 64.9229730891211 
            64.6230977091797 64.7730353982398 
            64.4731600219086 64.6230977091797 
            64.3232223363949 64.4731600219086 
            64.1732846526081 64.3232223363949 
            64.0233469705181 64.1732846526081 
            63.8734092900955 64.0233469705181 
            63.7234716113116 63.8734092900955 
            63.5735339341386 63.7234716113116 
            63.4235962585489 63.5735339341386 
            63.2736585845158 63.4235962585489 
            63.1237209120132 63.2736585845158 
            62.9737832410154 63.1237209120132 
            62.8238455714975 62.9737832410154 
            62.6739079034349 62.8238455714975 
            62.5239702368037 62.6739079034349 
            62.3740325715804 62.5239702368037 
            62.2240949077422 62.3740325715804 
            62.0741572452666 62.2240949077422 
            61.9242195841317 62.0741572452666 
            61.774281924316 61.9242195841317 
            61.6243442657984 61.774281924316 
            61.4744066085584 61.6243442657984 
            61.3244689525758 61.4744066085584 
            61.1745312978308 61.3244689525758 
            61.0245936443041 61.1745312978308 
            60.8746559919769 61.0245936443041 
            60.7247183408304 60.8746559919769 
            60.5747806908466 60.7247183408304 
            60.4248430420077 60.5747806908466 
            60.2749053942961 60.4248430420077 
            60.1249677476949 60.2749053942961 
            59.9750301021872 60.1249677476949 
            59.8250924577566 59.9750301021872 
            59.675154814387 59.8250924577566 
            59.5252171720627 59.675154814387 
            59.3752795307682 59.5252171720627 
            59.2253418904882 59.3752795307682 
            59.0754042512079 59.2253418904882 
            58.9254666129128 59.0754042512079 
            58.7755289755884 58.9254666129128 
            58.6255913392208 58.7755289755884 
            58.4756537037962 58.6255913392208 
            58.325716069301 58.4756537037962 
            58.175778435722 58.325716069301 
            58.0258408030463 58.175778435722 
            57.8759031712609 58.0258408030463 
            57.7259655403534 57.8759031712609 
            57.5760279103114 57.7259655403534 
            57.426090281123 57.5760279103114 
            57.2761526527762 57.426090281123 
            57.1262150252593 57.2761526527762 
            56.9762773985611 57.1262150252593 
            56.8263397726702 56.9762773985611 
            56.6764021475755 56.8263397726702 
            56.5264645232664 56.6764021475755 
            56.3765268997321 56.5264645232664 
            56.2265892769622 56.3765268997321 
            56.0766516549464 56.2265892769622 
            55.9267140336747 56.0766516549464 
            55.7767764131371 55.9267140336747 
            55.6268387933239 55.7767764131371 
            55.4769011742256 55.6268387933239 
            55.3269635558327 55.4769011742256 
            55.177025938136 55.3269635558327 
            55.0270883211265 55.177025938136 
            54.8771507047951 55.0270883211265 
            54.7272130891331 54.8771507047951 
            54.5772754741319 54.7272130891331 
            54.427337859783 54.5772754741319 
            54.277400246078 54.427337859783 
            54.1274626330088 54.277400246078 
            53.9775250205672 54.1274626330088 
            53.8275874087454 53.9775250205672 
            53.6776497975355 53.8275874087454 
            53.5277121869299 53.6776497975355 
            53.377774576921 53.5277121869299 
            53.2278369675013 53.377774576921 
            53.0778993586636 53.2278369675013 
            52.9279617504007 53.0778993586636 
            52.7780241427054 52.9279617504007 
            52.6280865355709 52.7780241427054 
            52.4781489289903 52.6280865355709 
            52.3282113229567 52.4781489289903 
            52.1782737174637 52.3282113229567 
            52.0283361125045 52.1782737174637 
            51.8783985080729 52.0283361125045 
            51.7284609041625 51.8783985080729 
            51.578523300767 51.7284609041625 
            51.4285856978803 51.578523300767 
            51.2786480954964 51.4285856978803 
            51.1287104936093 51.2786480954964 
            50.9787728922131 51.1287104936093 
            50.8288352913021 50.9787728922131 
            50.6788976908706 50.8288352913021 
            50.5289600909129 50.6788976908706 
            50.3790224914237 50.5289600909129 
            50.2290848923973 50.3790224914237 
            50.0791472938285 50.2290848923973 
            49.9292096957121 50.0791472938285 
            49.7792720980427 49.9292096957121 
            49.6293345008154 49.7792720980427 
            49.479396904025 49.6293345008154 
            49.3294593076665 49.479396904025 
            49.1795217117352 49.3294593076665 
            49.0295841162261 49.1795217117352 
            48.8796465211345 49.0295841162261 
            48.7297089264557 48.8796465211345 
            48.5797713321851 48.7297089264557 
            48.4298337383181 48.5797713321851 
            48.2798961448503 48.4298337383181 
            48.1299585517772 48.2798961448503 
            47.9800209590944 48.1299585517772 
            47.8300833667976 47.9800209590944 
            47.6801457748826 47.8300833667976 
            47.5302081833453 47.6801457748826 
            47.3802705921814 47.5302081833453 
            47.230333001387 47.3802705921814 
            47.0803954109579 47.230333001387 
            46.9304578208903 47.0803954109579 
            46.7805202311802 46.9304578208903 
            46.6305826418239 46.7805202311802 
            46.4806450528174 46.6305826418239 
            46.330707464157 46.4806450528174 
            46.1807698758391 46.330707464157 
            46.03083228786 46.1807698758391 
            45.8808947002161 46.03083228786 
            45.7309571129039 45.8808947002161 
            45.5810195259197 45.7309571129039 
            45.4310819392603 45.5810195259197 
            45.2811443529221 45.4310819392603 
            45.1312067669019 45.2811443529221 
            44.9812691811962 45.1312067669019 
            44.8313315958019 44.9812691811962 
            44.6813940107156 44.8313315958019 
            44.5314564259342 44.6813940107156 
            44.3815188414545 44.5314564259342 
            44.2315812572735 44.3815188414545 
            44.0816436733879 44.2315812572735 
            43.9317060897949 44.0816436733879 
            43.7817685064914 43.9317060897949 
            43.6318309234745 43.7817685064914 
            43.4818933407412 43.6318309234745 
            43.3319557582886 43.4818933407412 
            43.1820181761139 43.3319557582886 
            43.0320805942144 43.1820181761139 
            42.8821430125871 43.0320805942144 
            42.7322054312294 42.8821430125871 
            42.5822678501386 42.7322054312294 
            42.432330269312 42.5822678501386 
            42.2823926887469 42.432330269312 
            42.1324551084407 42.2823926887469 
            41.982517528391 42.1324551084407 
            41.832579948595 41.982517528391 
            41.6826423690503 41.832579948595 
            41.5327047897545 41.6826423690503 
            41.382767210705 41.5327047897545 
            41.2328296318994 41.382767210705 
            41.0828920533353 41.2328296318994 
            40.9329544750105 41.0828920533353 
            40.7830168969225 40.9329544750105 
            40.6330793190689 40.7830168969225 
            40.4831417414476 40.6330793190689 
            40.3332041640563 40.4831417414476 
            40.1832665868927 40.3332041640563 
            40.0333290099545 40.1832665868927 
            39.8833914332398 40.0333290099545 
            39.7334538567462 39.8833914332398 
            39.5835162804717 39.7334538567462 
            39.4335787044141 39.5835162804717 
            39.2836411285714 39.4335787044141 
            39.1337035529415 39.2836411285714 
            38.9837659775224 39.1337035529415 
            38.833828402312 38.9837659775224 
            38.6838908273083 38.833828402312 
            38.5339532525095 38.6838908273083 
            38.3840156779136 38.5339532525095 
            38.2340781035185 38.3840156779136 
            38.0841405293226 38.2340781035185 
            37.9342029553237 38.0841405293226 
            37.7842653815202 37.9342029553237 
            37.6343278079101 37.7842653815202 
            37.4843902344916 37.6343278079101 
            37.3344526612629 37.4843902344916 
            37.1845150882223 37.3344526612629 
            37.034577515368 37.1845150882223 
            36.8846399426981 37.034577515368 
            36.7347023702112 36.8846399426981 
            36.5847647979053 36.7347023702112 
            36.4348272257789 36.5847647979053 
            36.2848896538301 36.4348272257789 
            36.1349520820575 36.2848896538301 
            35.9850145104593 36.1349520820575 
            35.835076939034 35.9850145104593 
            35.68513936778 35.835076939034 
            35.5352017966956 35.68513936778 
            35.3852642257794 35.5352017966956 
            35.2353266550296 35.3852642257794 
            35.0853890844449 35.2353266550296 
            34.9354515140237 35.0853890844449 
            34.7855139437645 34.9354515140237 
            34.6355763736658 34.7855139437645 
            34.4856388037261 34.6355763736658 
            34.335701233944 34.4856388037261 
            34.1857636643181 34.335701233944 
            34.0358260948468 34.1857636643181 
            33.8858885255288 34.0358260948468 
            33.7359509563628 33.8858885255288 
            33.5860133873473 33.7359509563628 
            33.4360758184808 33.5860133873473 
            33.2861382497622 33.4360758184808 
            33.13620068119 33.2861382497622 
            32.9862631127629 33.13620068119 
            32.8363255444795 32.9862631127629 
            32.6863879763387 32.8363255444795 
            32.5364504083389 32.6863879763387 
            32.3865128404791 32.5364504083389 
            32.236575272758 32.3865128404791 
            32.0866377051742 32.236575272758 
            31.9367001377265 32.0866377051742 
            31.7867625704138 31.9367001377265 
            31.6368250032348 31.7867625704138 
            31.4868874361882 31.6368250032348 
            31.3369498692728 31.4868874361882 
            31.1870123024876 31.3369498692728 
            31.0370747358313 31.1870123024876 
            30.8871371693027 31.0370747358313 
            30.7371996029007 30.8871371693027 
            30.5872620366241 30.7371996029007 
            30.4373244704719 30.5872620366241 
            30.2873869044428 30.4373244704719 
            30.1374493385359 30.2873869044428 
            29.9875117727499 30.1374493385359 
            29.8375742070838 29.9875117727499 
            29.6876366415365 29.8375742070838 
            29.5376990761069 29.6876366415365 
            29.387761510794 29.5376990761069 
            29.2378239455968 29.387761510794 
            29.0878863805141 29.2378239455968 
            28.9379488155449 29.0878863805141 
            28.7880112506883 28.9379488155449 
            28.6380736859432 28.7880112506883 
            28.4881361213085 28.6380736859432 
            28.3381985567834 28.4881361213085 
            28.1882609923668 28.3381985567834 
            28.0383234280577 28.1882609923668 
            27.8883858638551 28.0383234280577 
            27.7384482997581 27.8883858638551 
            27.5885107357657 27.7384482997581 
            27.438573171877 27.5885107357657 
            27.2886356080911 27.438573171877 
            27.1386980444069 27.2886356080911 
            26.9887604808236 27.1386980444069 
            26.8388229173403 26.9887604808236 
            26.688885353956 26.8388229173403 
            26.5389477906699 26.688885353956 
            26.3890102274811 26.5389477906699 
            26.2390726643886 26.3890102274811 
            26.0891351013915 26.2390726643886 
            25.9391975384891 26.0891351013915 
            25.7892599756805 25.9391975384891 
            25.6393224129648 25.7892599756805 
            25.4893848503409 25.6393224129648 
            25.3394472878084 25.4893848503409 
            25.1895097253663 25.3394472878084 
            25.0395721630137 25.1895097253663 
            24.8896346007498 25.0395721630137 
            24.7396970385737 24.8896346007498 
            24.5897594764847 24.7396970385737 
            24.439821914482 24.5897594764847 
            24.2898843525648 24.439821914482 
            24.1399467907322 24.2898843525648 
            23.9900092289835 24.1399467907322 
            23.8400716673178 23.9900092289835 
            23.6901341057345 23.8400716673178 
            23.5401965442327 23.6901341057345 
            23.3902589828118 23.5401965442327 
            23.2403214214707 23.3902589828118 
            23.0903838602091 23.2403214214707 
            22.9404462990259 23.0903838602091 
            22.7905087379206 22.9404462990259 
            22.6405711768923 22.7905087379206 
            22.4906336159403 22.6405711768923 
            22.3406960550639 22.4906336159403 
            22.1907584942623 22.3406960550639 
            22.0408209335349 22.1907584942623 
            21.890883372881 22.0408209335349 
            21.7409458122998 21.890883372881 
            21.5910082517906 21.7409458122998 
            21.4410706913528 21.5910082517906 
            21.2911331309855 21.4410706913528 
            21.1411955706883 21.2911331309855 
            20.9912580104604 21.1411955706883 
            20.841320450301 20.9912580104604 
            20.6913828902096 20.841320450301 
            20.5414453301855 20.6913828902096 
            20.391507770228 20.5414453301855 
            20.2415702103363 20.391507770228 
            20.09163265051 20.2415702103363 
            19.9416950907484 20.09163265051 
            19.7917575310506 19.9416950907484 
            19.6418199714163 19.7917575310506 
            19.4918824118447 19.6418199714163 
            19.3419448523351 19.4918824118447 
            19.192007292887 19.3419448523351 
            19.0420697334997 19.192007292887 
            18.8921321741726 19.0420697334997 
            18.7421946149052 18.8921321741726 
            18.5922570556967 18.7421946149052 
            18.4423194965465 18.5922570556967 
            18.2923819374541 18.4423194965465 
            18.1424443784188 18.2923819374541 
            17.9925068194401 18.1424443784188 
            17.8425692605174 17.9925068194401 
            17.6926317016501 17.8425692605174 
            17.5426941428375 17.6926317016501 
            17.3927565840791 17.5426941428375 
            17.2428190253743 17.3927565840791 
            17.0928814667226 17.2428190253743 
            16.9429439081233 17.0928814667226 
            16.7930063495759 16.9429439081233 
            16.6430687910798 16.7930063495759 
            16.4931312326345 16.6430687910798 
            16.3431936742394 16.4931312326345 
            16.1932561158939 16.3431936742394 
            16.0433185575975 16.1932561158939 
            15.8933809993496 16.0433185575975 
            15.7434434411496 15.8933809993496 
            15.5935058829972 15.7434434411496 
            15.4435683248916 15.5935058829972 
            15.2936307668323 15.4435683248916 
            15.1436932088189 15.2936307668323 
            14.9937556508507 15.1436932088189 
            14.8438180929273 14.9937556508507 
            14.693880535048 14.8438180929273 
            14.5439429772124 14.693880535048 
            14.39400541942 14.5439429772124 
            14.2440678616703 14.39400541942 
            14.0941303039627 14.2440678616703 
            13.9441927462967 14.0941303039627 
            13.7942551886717 13.9441927462967 
            13.6443176310873 13.7942551886717 
            13.494380073543 13.6443176310873 
            13.3444425160382 13.494380073543 
            13.1945049585724 13.3444425160382 
            13.0445674011452 13.1945049585724 
            12.8946298437561 13.0445674011452 
            12.7446922864045 12.8946298437561 
            12.59475472909 12.7446922864045 
            12.444817171812 12.59475472909 
            12.2948796145701 12.444817171812 
            12.1449420573638 12.2948796145701 
            11.9950045001925 12.1449420573638 
            11.8450669430559 11.9950045001925 
            11.6951293859534 11.8450669430559 
            11.5451918288846 11.6951293859534 
            11.3952542718489 11.5451918288846 
            11.2453167148459 11.3952542718489 
            11.0953791578751 11.2453167148459 
            10.9454416009361 11.0953791578751 
            10.7955040440284 10.9454416009361 
            10.6455664871514 10.7955040440284 
            10.4956289303048 10.6455664871514 
            10.345691373488 10.4956289303048 
            10.1957538167006 10.345691373488 
            10.0458162599422 10.1957538167006 
            9.89587870321223 10.0458162599422 
            9.74594114651028 9.89587870321223 
            9.59600358983589 9.74594114651028 
            9.44606603318865 9.59600358983589 
            9.29612847656802 9.44606603318865 
            9.14619091997358 9.29612847656802 
            8.99625336340489 9.14619091997358 
            8.84631580686143 8.99625336340489 
            8.69637825034287 8.84631580686143 
            8.54644069384873 8.69637825034287 
            8.39650313737851 8.54644069384873 
            8.2465655809318 8.39650313737851 
            8.09662802450817 8.2465655809318 
            7.94669046810716 8.09662802450817 
            7.79675291172833 7.94669046810716 
            7.64681535537124 7.79675291172833 
            7.49687779903549 7.64681535537124 
            7.34694024272056 7.49687779903549 
            7.19700268642607 7.34694024272056 
            7.04706513015157 7.19700268642607 
            6.89712757389663 7.04706513015157 
            6.74719001766082 6.89712757389663 
            6.5972524614437 6.74719001766082 
            6.44731490524485 6.5972524614437 
            6.29737734906384 6.44731490524485 
            6.14743979290024 6.29737734906384 
            5.99750223675361 6.14743979290024 
            5.84756468062355 5.99750223675361 
            5.69762712450962 5.84756468062355 
            5.5476895684114 5.69762712450962 
            5.39775201232845 5.5476895684114 
            5.24781445626036 5.39775201232845 
            5.09787690020671 5.24781445626036 
            4.94793934416707 5.09787690020671 
            4.79800178814101 4.94793934416707 
            4.64806423212815 4.79800178814101 
            4.49812667612801 4.64806423212815 
            4.34818912014021 4.49812667612801 
            4.19825156416435 4.34818912014021 
            4.04831400819996 4.19825156416435 
            3.89837645224668 4.04831400819996 
            3.74843889630408 3.89837645224668 
            3.59850134037164 3.74843889630408 
            3.44856378444914 3.59850134037164 
            3.29862622853606 3.44856378444914 
            3.14868867263199 3.29862622853606 
            2.99875111673654 3.14868867263199 
            2.84881356084926 2.99875111673654 
            2.69887600496976 2.84881356084926 
            2.54893844909762 2.69887600496976 
            2.39900089323242 2.54893844909762 
            2.24906333737377 2.39900089323242 
            2.09912578152125 2.24906333737377 
            1.94918822567445 2.09912578152125 
            1.79925066983296 1.94918822567445 
            1.64931311399636 1.79925066983296 
            1.49937555816426 1.64931311399636 
            1.34943800233625 1.49937555816426 
            1.19950044651191 1.34943800233625 
            1.04956289069083 1.19950044651191 
            0.899625334872624 1.04956289069083 
            0.749687779056858 0.899625334872624 
            0.599750223243133 0.749687779056858 
            0.449812667431033 0.599750223243133 
            0.299875111620156 0.449812667431033 
            0.149937555810098 0.299875111620156 
            4.45277655404892e-13 0.149937555810098 
            -0.149937555809208 4.45277655404892e-13 
            -0.299875111619272 -0.149937555809208 
            -0.449812667430149 -0.299875111619272 
            -0.599750223242249 -0.449812667430149 
            -0.74968777905598 -0.599750223242249 
            -0.89962533487174 -0.74968777905598 
            -1.04956289068995 -0.89962533487174 
            -1.19950044651103 -1.04956289068995 
            -1.34943800233537 -1.19950044651103 
            -1.49937555816338 -1.34943800233537 
            -1.64931311399547 -1.49937555816338 
            -1.79925066983207 -1.64931311399547 
            -1.94918822567356 -1.79925066983207 
            -2.09912578152036 -1.94918822567356 
            -2.24906333737288 -2.09912578152036 
            -2.39900089323153 -2.24906333737288 
            -2.54893844909672 -2.39900089323153 
            -2.69887600496886 -2.54893844909672 
            -2.84881356084836 -2.69887600496886 
            -2.99875111673564 -2.84881356084836 
            -3.14868867263109 -2.99875111673564 
            -3.29862622853517 -3.14868867263109 
            -3.44856378444825 -3.29862622853517 
            -3.59850134037075 -3.44856378444825 
            -3.74843889630318 -3.59850134037075 
            -3.89837645224579 -3.74843889630318 
            -4.04831400819906 -3.89837645224579 
            -4.19825156416345 -4.04831400819906 
            -4.34818912013932 -4.19825156416345 
            -4.49812667612711 -4.34818912013932 
            -4.64806423212725 -4.49812667612711 
            -4.7980017881401 -4.64806423212725 
            -4.94793934416616 -4.7980017881401 
            -5.09787690020581 -4.94793934416616 
            -5.24781445625944 -5.09787690020581 
            -5.39775201232754 -5.24781445625944 
            -5.54768956841048 -5.39775201232754 
            -5.69762712450871 -5.54768956841048 
            -5.84756468062264 -5.69762712450871 
            -5.9975022367527 -5.84756468062264 
            -6.14743979289933 -5.9975022367527 
            -6.29737734906293 -6.14743979289933 
            -6.44731490524394 -6.29737734906293 
            -6.59725246144279 -6.44731490524394 
            -6.74719001765992 -6.59725246144279 
            -6.89712757389574 -6.74719001765992 
            -7.04706513015069 -6.89712757389574 
            -7.19700268642519 -7.04706513015069 
            -7.34694024271969 -7.19700268642519 
            -7.49687779903462 -7.34694024271969 
            -7.64681535537038 -7.49687779903462 
            -7.79675291172747 -7.64681535537038 
            -7.9466904681063 -7.79675291172747 
            -8.09662802450731 -7.9466904681063 
            -8.24656558093095 -8.09662802450731 
            -8.39650313737766 -8.24656558093095 
            -8.54644069384788 -8.39650313737766 
            -8.69637825034202 -8.54644069384788 
            -8.84631580686058 -8.69637825034202 
            -8.99625336340404 -8.84631580686058 
            -9.14619091997273 -8.99625336340404 
            -9.29612847656717 -9.14619091997273 
            -9.4460660331878 -9.29612847656717 
            -9.59600358983504 -9.4460660331878 
            -9.74594114650943 -9.59600358983504 
            -9.89587870321137 -9.74594114650943 
            -10.0458162599413 -9.89587870321137 
            -10.1957538166998 -10.0458162599413 
            -10.3456913734871 -10.1957538166998 
            -10.4956289303039 -10.3456913734871 
            -10.6455664871506 -10.4956289303039 
            -10.7955040440275 -10.6455664871506 
            -10.9454416009353 -10.7955040440275 
            -11.0953791578743 -10.9454416009353 
            -11.245316714845 -11.0953791578743 
            -11.395254271848 -11.245316714845 
            -11.5451918288837 -11.395254271848 
            -11.6951293859525 -11.5451918288837 
            -11.845066943055 -11.6951293859525 
            -11.9950045001916 -11.845066943055 
            -12.1449420573629 -11.9950045001916 
            -12.2948796145692 -12.1449420573629 
            -12.4448171718111 -12.2948796145692 
            -12.5947547290891 -12.4448171718111 
            -12.7446922864036 -12.5947547290891 
            -12.8946298437552 -12.7446922864036 
            -13.0445674011443 -12.8946298437552 
            -13.1945049585715 -13.0445674011443 
            -13.3444425160373 -13.1945049585715 
            -13.4943800735421 -13.3444425160373 
            -13.6443176310864 -13.4943800735421 
            -13.7942551886709 -13.6443176310864 
            -13.9441927462958 -13.7942551886709 
            -14.0941303039618 -13.9441927462958 
            -14.2440678616694 -14.0941303039618 
            -14.3940054194192 -14.2440678616694 
            -14.5439429772115 -14.3940054194192 
            -14.6938805350471 -14.5439429772115 
            -14.8438180929264 -14.6938805350471 
            -14.9937556508498 -14.8438180929264 
            -15.143693208818 -14.9937556508498 
            -15.2936307668314 -15.143693208818 
            -15.4435683248906 -15.2936307668314 
            -15.5935058829963 -15.4435683248906 
            -15.7434434411487 -15.5935058829963 
            -15.8933809993487 -15.7434434411487 
            -16.0433185575966 -15.8933809993487 
            -16.193256115893 -16.0433185575966 
            -16.3431936742385 -16.193256115893 
            -16.4931312326336 -16.3431936742385 
            -16.6430687910789 -16.4931312326336 
            -16.793006349575 -16.6430687910789 
            -16.9429439081224 -16.793006349575 
            -17.0928814667217 -16.9429439081224 
            -17.2428190253734 -17.0928814667217 
            -17.3927565840782 -17.2428190253734 
            -17.5426941428366 -17.3927565840782 
            -17.6926317016492 -17.5426941428366 
            -17.8425692605165 -17.6926317016492 
            -17.9925068194392 -17.8425692605165 
            -18.1424443784179 -17.9925068194392 
            -18.2923819374532 -18.1424443784179 
            -18.4423194965456 -18.2923819374532 
            -18.5922570556958 -18.4423194965456 
            -18.7421946149043 -18.5922570556958 
            -18.8921321741717 -18.7421946149043 
            -19.0420697334988 -18.8921321741717 
            -19.1920072928861 -19.0420697334988 
            -19.3419448523342 -19.1920072928861 
            -19.4918824118437 -19.3419448523342 
            -19.6418199714154 -19.4918824118437 
            -19.7917575310497 -19.6418199714154 
            -19.9416950907474 -19.7917575310497 
            -20.0916326505091 -19.9416950907474 
            -20.2415702103354 -20.0916326505091 
            -20.391507770227 -20.2415702103354 
            -20.5414453301846 -20.391507770227 
            -20.6913828902087 -20.5414453301846 
            -20.8413204503001 -20.6913828902087 
            -20.9912580104594 -20.8413204503001 
            -21.1411955706874 -20.9912580104594 
            -21.2911331309846 -21.1411955706874 
            -21.4410706913518 -21.2911331309846 
            -21.5910082517897 -21.4410706913518 
            -21.7409458122988 -21.5910082517897 
            -21.8908833728801 -21.7409458122988 
            -22.040820933534 -21.8908833728801 
            -22.1907584942614 -22.040820933534 
            -22.3406960550629 -22.1907584942614 
            -22.4906336159393 -22.3406960550629 
            -22.6405711768913 -22.4906336159393 
            -22.7905087379196 -22.6405711768913 
            -22.9404462990249 -22.7905087379196 
            -23.0903838602081 -22.9404462990249 
            -23.2403214214698 -23.0903838602081 
            -23.3902589828108 -23.2403214214698 
            -23.5401965442318 -23.3902589828108 
            -23.6901341057335 -23.5401965442318 
            -23.8400716673169 -23.6901341057335 
            -23.9900092289825 -23.8400716673169 
            -24.1399467907313 -23.9900092289825 
            -24.2898843525638 -24.1399467907313 
            -24.4398219144811 -24.2898843525638 
            -24.5897594764838 -24.4398219144811 
            -24.7396970385728 -24.5897594764838 
            -24.8896346007488 -24.7396970385728 
            -25.0395721630127 -24.8896346007488 
            -25.1895097253653 -25.0395721630127 
            -25.3394472878075 -25.1895097253653 
            -25.48938485034 -25.3394472878075 
            -25.6393224129638 -25.48938485034 
            -25.7892599756796 -25.6393224129638 
            -25.9391975384882 -25.7892599756796 
            -26.0891351013906 -25.9391975384882 
            -26.2390726643876 -26.0891351013906 
            -26.3890102274801 -26.2390726643876 
            -26.538947790669 -26.3890102274801 
            -26.6888853539551 -26.538947790669 
            -26.8388229173393 -26.6888853539551 
            -26.9887604808227 -26.8388229173393 
            -27.1386980444059 -26.9887604808227 
            -27.2886356080901 -27.1386980444059 
            -27.438573171876 -27.2886356080901 
            -27.5885107357648 -27.438573171876 
            -27.7384482997571 -27.5885107357648 
            -27.8883858638541 -27.7384482997571 
            -28.0383234280567 -27.8883858638541 
            -28.1882609923658 -28.0383234280567 
            -28.3381985567824 -28.1882609923658 
            -28.4881361213076 -28.3381985567824 
            -28.6380736859422 -28.4881361213076 
            -28.7880112506873 -28.6380736859422 
            -28.9379488155439 -28.7880112506873 
            -29.0878863805131 -28.9379488155439 
            -29.2378239455958 -29.0878863805131 
            -29.387761510793 -29.2378239455958 
            -29.5376990761059 -29.387761510793 
            -29.6876366415355 -29.5376990761059 
            -29.8375742070827 -29.6876366415355 
            -29.9875117727489 -29.8375742070827 
            -30.1374493385348 -29.9875117727489 
            -30.2873869044418 -30.1374493385348 
            -30.4373244704709 -30.2873869044418 
            -30.5872620366231 -30.4373244704709 
            -30.7371996028997 -30.5872620366231 
            -30.8871371693017 -30.7371996028997 
            -31.0370747358302 -30.8871371693017 
            -31.1870123024866 -31.0370747358302 
            -31.3369498692718 -31.1870123024866 
            -31.4868874361871 -31.3369498692718 
            -31.6368250032337 -31.4868874361871 
            -31.7867625704128 -31.6368250032337 
            -31.9367001377255 -31.7867625704128 
            -32.0866377051732 -31.9367001377255 
            -32.2365752727569 -32.0866377051732 
            -32.3865128404781 -32.2365752727569 
            -32.5364504083379 -32.3865128404781 
            -32.6863879763376 -32.5364504083379 
            -32.8363255444785 -32.6863879763376 
            -32.9862631127618 -32.8363255444785 
            -33.1362006811889 -32.9862631127618 
            -33.2861382497612 -33.1362006811889 
            -33.4360758184798 -33.2861382497612 
            -33.5860133873462 -33.4360758184798 
            -33.7359509563617 -33.5860133873462 
            -33.8858885255278 -33.7359509563617 
            -34.0358260948457 -33.8858885255278 
            -34.185763664317 -34.0358260948457 
            -34.335701233943 -34.185763664317 
            -34.4856388037251 -34.335701233943 
            -34.6355763736647 -34.4856388037251 
            -34.7855139437634 -34.6355763736647 
            -34.9354515140226 -34.7855139437634 
            -35.0853890844438 -34.9354515140226 
            -35.2353266550285 -35.0853890844438 
            -35.3852642257783 -35.2353266550285 
            -35.5352017966945 -35.3852642257783 
            -35.6851393677789 -35.5352017966945 
            -35.8350769390329 -35.6851393677789 
            -35.9850145104582 -35.8350769390329 
            -36.1349520820564 -35.9850145104582 
            -36.284889653829 -36.1349520820564 
            -36.4348272257777 -36.284889653829 
            -36.5847647979042 -36.4348272257777 
            -36.7347023702101 -36.5847647979042 
            -36.884639942697 -36.7347023702101 
            -37.0345775153669 -36.884639942697 
            -37.1845150882212 -37.0345775153669 
            -37.3344526612618 -37.1845150882212 
            -37.4843902344905 -37.3344526612618 
            -37.634327807909 -37.4843902344905 
            -37.7842653815191 -37.634327807909 
            -37.9342029553226 -37.7842653815191 
            -38.0841405293215 -37.9342029553226 
            -38.2340781035174 -38.0841405293215 
            -38.3840156779125 -38.2340781035174 
            -38.5339532525084 -38.3840156779125 
            -38.6838908273072 -38.5339532525084 
            -38.8338284023109 -38.6838908273072 
            -38.9837659775213 -38.8338284023109 
            -39.1337035529404 -38.9837659775213 
            -39.2836411285702 -39.1337035529404 
            -39.4335787044129 -39.2836411285702 
            -39.5835162804705 -39.4335787044129 
            -39.733453856745 -39.5835162804705 
            -39.8833914332386 -39.733453856745 
            -40.0333290099534 -39.8833914332386 
            -40.1832665868915 -40.0333290099534 
            -40.3332041640551 -40.1832665868915 
            -40.4831417414465 -40.3332041640551 
            -40.6330793190678 -40.4831417414465 
            -40.7830168969213 -40.6330793190678 
            -40.9329544750093 -40.7830168969213 
            -41.0828920533341 -40.9329544750093 
            -41.2328296318982 -41.0828920533341 
            -41.3827672107038 -41.2328296318982 
            -41.5327047897533 -41.3827672107038 
            -41.6826423690491 -41.5327047897533 
            -41.8325799485938 -41.6826423690491 
            -41.9825175283897 -41.8325799485938 
            -42.1324551084395 -41.9825175283897 
            -42.2823926887457 -42.1324551084395 
            -42.4323302693108 -42.2823926887457 
            -42.5822678501374 -42.4323302693108 
            -42.7322054312282 -42.5822678501374 
            -42.8821430125859 -42.7322054312282 
            -43.0320805942131 -42.8821430125859 
            -43.1820181761127 -43.0320805942131 
            -43.3319557582874 -43.1820181761127 
            -43.48189334074 -43.3319557582874 
            -43.6318309234733 -43.48189334074 
            -43.7817685064902 -43.6318309234733 
            -43.9317060897937 -43.7817685064902 
            -44.0816436733867 -43.9317060897937 
            -44.2315812572722 -44.0816436733867 
            -44.3815188414533 -44.2315812572722 
            -44.531456425933 -44.3815188414533 
            -44.6813940107144 -44.531456425933 
            -44.8313315958006 -44.6813940107144 
            -44.9812691811949 -44.8313315958006 
            -45.1312067669006 -44.9812691811949 
            -45.2811443529209 -45.1312067669006 
            -45.4310819392591 -45.2811443529209 
            -45.5810195259185 -45.4310819392591 
            -45.7309571129026 -45.5810195259185 
            -45.8808947002148 -45.7309571129026 
            -46.0308322878588 -45.8808947002148 
            -46.1807698758379 -46.0308322878588 
            -46.3307074641558 -46.1807698758379 
            -46.4806450528161 -46.3307074641558 
            -46.6305826418226 -46.4806450528161 
            -46.780520231179 -46.6305826418226 
            -46.930457820889 -46.780520231179 
            -47.0803954109567 -46.930457820889 
            -47.2303330013857 -47.0803954109567 
            -47.3802705921802 -47.2303330013857 
            -47.530208183344 -47.3802705921802 
            -47.6801457748813 -47.530208183344 
            -47.8300833667963 -47.6801457748813 
            -47.980020959093 -47.8300833667963 
            -48.1299585517758 -47.980020959093 
            -48.279896144849 -48.1299585517758 
            -48.4298337383168 -48.279896144849 
            -48.5797713321838 -48.4298337383168 
            -48.7297089264544 -48.5797713321838 
            -48.8796465211331 -48.7297089264544 
            -49.0295841162247 -48.8796465211331 
            -49.1795217117338 -49.0295841162247 
            -49.3294593076652 -49.1795217117338 
            -49.4793969040236 -49.3294593076652 
            -49.629334500814 -49.4793969040236 
            -49.7792720980413 -49.629334500814 
            -49.9292096957107 -49.7792720980413 
            -50.0791472938271 -49.9292096957107 
            -50.2290848923959 -50.0791472938271 
            -50.3790224914223 -50.2290848923959 
            -50.5289600909115 -50.3790224914223 
            -50.6788976908692 -50.5289600909115 
            -50.8288352913007 -50.6788976908692 
            -50.9787728922117 -50.8288352913007 
            -51.1287104936079 -50.9787728922117 
            -51.278648095495 -51.1287104936079 
            -51.4285856978789 -51.278648095495 
            -51.5785233007656 -51.4285856978789 
            -51.7284609041611 -51.5785233007656 
            -51.8783985080715 -51.7284609041611 
            -52.0283361125031 -51.8783985080715 
            -52.1782737174622 -52.0283361125031 
            -52.3282113229552 -52.1782737174622 
            -52.4781489289888 -52.3282113229552 
            -52.6280865355694 -52.4781489289888 
            -52.778024142704 -52.6280865355694 
            -52.9279617503992 -52.778024142704 
            -53.0778993586622 -52.9279617503992 
            -53.2278369674999 -53.0778993586622 
            -53.3777745769195 -53.2278369674999 
            -53.5277121869284 -53.3777745769195 
            -53.677649797534 -53.5277121869284 
            -53.8275874087439 -53.677649797534 
            -53.9775250205657 -53.8275874087439 
            -54.1274626330073 -53.9775250205657 
            -54.2774002460765 -54.1274626330073 
            -54.4273378597815 -54.2774002460765 
            -54.5772754741303 -54.4273378597815 
            -54.7272130891315 -54.5772754741303 
            -54.8771507047935 -54.7272130891315 
            -55.0270883211249 -54.8771507047935 
            -55.1770259381345 -55.0270883211249 
            -55.3269635558312 -55.1770259381345 
            -55.476901174224 -55.3269635558312 
            -55.6268387933224 -55.476901174224 
            -55.7767764131355 -55.6268387933224 
            -55.9267140336731 -55.7767764131355 
            -56.0766516549448 -55.9267140336731 
            -56.2265892769605 -56.0766516549448 
            -56.3765268997304 -56.2265892769605 
            -56.5264645232647 -56.3765268997304 
            -56.6764021475739 -56.5264645232647 
            -56.8263397726685 -56.6764021475739 
            -56.9762773985594 -56.8263397726685 
            -57.1262150252577 -56.9762773985594 
            -57.2761526527745 -57.1262150252577 
            -57.4260902811213 -57.2761526527745 
            -57.5760279103097 -57.4260902811213 
            -57.7259655403517 -57.5760279103097 
            -57.8759031712592 -57.7259655403517 
            -58.0258408030445 -57.8759031712592 
            -58.1757784357203 -58.0258408030445 
            -58.3257160692993 -58.1757784357203 
            -58.4756537037944 -58.3257160692993 
            -58.6255913392191 -58.4756537037944 
            -58.7755289755866 -58.6255913392191 
            -58.925466612911 -58.7755289755866 
            -59.0754042512061 -58.925466612911 
            -59.2253418904864 -59.0754042512061 
            -59.3752795307664 -59.2253418904864 
            -59.5252171720609 -59.3752795307664 
            -59.6751548143852 -59.5252171720609 
            -59.8250924577547 -59.6751548143852 
            -59.9750301021853 -59.8250924577547 
            -60.124967747693 -59.9750301021853 
            -60.2749053942942 -60.124967747693 
            -60.4248430420057 -60.2749053942942 
            -60.5747806908447 -60.4248430420057 
            -60.7247183408285 -60.5747806908447 
            -60.8746559919749 -60.7247183408285 
            -61.0245936443022 -60.8746559919749 
            -61.1745312978289 -61.0245936443022 
            -61.3244689525738 -61.1745312978289 
            -61.4744066085564 -61.3244689525738 
            -61.6243442657965 -61.4744066085564 
            -61.774281924314 -61.6243442657965 
            -61.9242195841297 -61.774281924314 
            -62.0741572452647 -61.9242195841297 
            -62.2240949077402 -62.0741572452647 
            -62.3740325715784 -62.2240949077402 
            -62.5239702368016 -62.3740325715784 
            -62.6739079034328 -62.5239702368016 
            -62.8238455714954 -62.6739079034328 
            -62.9737832410134 -62.8238455714954 
            -63.1237209120112 -62.9737832410134 
            -63.2736585845138 -63.1237209120112 
            -63.4235962585468 -63.2736585845138 
            -63.5735339341365 -63.4235962585468 
            -63.7234716113095 -63.5735339341365 
            -63.8734092900933 -63.7234716113095 
            -64.023346970516 -63.8734092900933 
            -64.173284652606 -64.023346970516 
            -64.3232223363928 -64.173284652606 
            -64.4731600219064 -64.3232223363928 
            -64.6230977091775 -64.4731600219064 
            -64.7730353982376 -64.6230977091775 
            -64.9229730891189 -64.7730353982376 
            -65.0729107818544 -64.9229730891189 
            -65.2228484764778 -65.0729107818544 
            -65.3727861730239 -65.2228484764778 
            -65.5227238715278 -65.3727861730239 
            -65.6726615720262 -65.5227238715278 
            -65.8225992745561 -65.6726615720262 
            -65.9725369791557 -65.8225992745561 
            -66.1224746858641 -65.9725369791557 
            -66.2724123947215 -66.1224746858641 
            -66.4223501057689 -66.2724123947215 
            -66.5722878190484 -66.4223501057689 
            -66.7222255346035 -66.5722878190484 
            -66.8721632524784 -66.7222255346035 
            -67.0221009727186 -66.8721632524784 
            -67.1720386953709 -67.0221009727186 
            -67.3219764204833 -67.1720386953709 
            -67.4719141481049 -67.3219764204833 
            -67.6218518782865 -67.4719141481049 
            -67.7717896110797 -67.6218518782865 
            -67.9217273465381 -67.7717896110797 
            -68.0716650847164 -67.9217273465381 
            -68.2216028256708 -68.0716650847164 
            -68.3715405694593 -68.2216028256708 
            -68.5214783161413 -68.3715405694593 
            -68.6714160657779 -68.5214783161413 
            -68.821353818432 -68.6714160657779 
            -68.9712915741683 -68.821353818432 
            -69.1212293330533 -68.9712915741683 
            -69.2711670951554 -69.1212293330533 
            -69.4211048605451 -69.2711670951554 
            -69.571042629295 -69.4211048605451 
            -69.7209804014795 -69.571042629295 
            -69.8709181771757 -69.7209804014795 
            -70.0208559564626 -69.8709181771757 
            -70.1707937394219 -70.0208559564626 
            -70.3207315261376 -70.1707937394219 
            -70.4706693166963 -70.3207315261376 
            -70.6206071111874 -70.4706693166963 
            -70.770544909703 -70.6206071111874 
            -70.9204827123381 -70.770544909703 
            -71.0704205191906 -70.9204827123381 
            -71.2203583303617 -71.0704205191906 
            -71.3702961459559 -71.2203583303617 
            -71.5202339660808 -71.3702961459559 
            -71.6701717908477 -71.5202339660808 
            -71.8201096203717 -71.6701717908477 
            -71.9700474547715 -71.8201096203717 
            -72.11998529417 -71.9700474547715 
            -72.269923138694 -72.11998529417 
            -72.4198609884748 -72.269923138694 
            -72.5697988436482 -72.4198609884748 
            -72.7197367043547 -72.5697988436482 
            -72.8696745707397 -72.7197367043547 
            -73.0196124429537 -72.8696745707397 
            -73.1695503211526 -73.0196124429537 
            -73.3194882054979 -73.1695503211526 
            -73.4694260961571 -73.3194882054979 
            -73.6193639933035 -73.4694260961571 
            -73.7693018971172 -73.6193639933035 
            -73.9192398077846 -73.7693018971172 
            -74.0691777254995 -73.9192398077846 
            -74.2191156504629 -74.0691777254995 
            -74.3690535828834 -74.2191156504629 
            -74.5189915229778 -74.3690535828834 
            -74.6689294709714 -74.5189915229778 
            -74.8188674270984 -74.6689294709714 
            -74.9688053916023 -74.8188674270984 
            -75.1187433647364 -74.9688053916023 
            -75.2686813467643 -75.1187433647364 
            -75.4186193379606 -75.2686813467643 
            -75.5685573386111 -75.4186193379606 
            -75.7184953490137 -75.5685573386111 
            -75.8684333694789 -75.7184953490137 
            -76.0183714003306 -75.8684333694789 
            -76.1683094419067 -76.0183714003306 
            -76.3182474945598 -76.1683094419067 
            -76.4681855586584 -76.3182474945598 
            -76.6181236345872 -76.4681855586584 
            -76.7680617227486 -76.6181236345872 
            -76.9179998235632 -76.7680617227486 
            -77.0679379374713 -76.9179998235632 
            -77.2178760649338 -77.0679379374713 
            -77.3678142064335 -77.2178760649338 
            -77.5177523624762 -77.3678142064335 
            -77.6676905335927 -77.5177523624762 
            -77.8176287203396 -77.6676905335927 
            -77.9675669233013 -77.8176287203396 
            -78.1175051430919 -77.9675669233013 
            -78.2674433803565 -78.1175051430919 
            -78.4173816357739 -78.2674433803565 
            -78.5673199100585 -78.4173816357739 
            -78.7172582039626 -78.5673199100585 
            -78.8671965182791 -78.7172582039626 
            -79.0171348538441 -78.8671965182791 
            -79.1670732115399 -79.0171348538441 
            -79.3170115922986 -79.1670732115399 
            -79.4669499971053 -79.3170115922986 
            -79.6168884270017 -79.4669499971053 
            -79.766826883091 -79.6168884270017 
            -79.9167653665418 -79.766826883091 
            -80.0667038785932 -79.9167653665418 
            -80.2166424205603 -80.0667038785932 
            -80.3665809938402 -80.2166424205603 
            -80.5165195999183 -80.3665809938402 
            -80.6664582403752 -80.5165195999183 
            -80.8163969168952 -80.6664582403752 
            -80.9663356312739 -80.8163969168952 
            -81.1162743854287 -80.9663356312739 
            -81.2662131814081 -81.1162743854287 
            -81.4161520214041 -81.2662131814081 
            -81.5660909077645 -81.4161520214041 
            -81.7160298430071 -81.5660909077645 
            -81.8659688298352 -81.7160298430071 
            -82.0159078711555 -81.8659688298352 
            -82.1658469700967 -82.0159078711555 
            -82.3157861300324 -82.1658469700967 
            -82.4657253546042 -82.3157861300324 
            -82.6156646477498 -82.4657253546042 
            -82.7656040137331 -82.6156646477498 
            -82.9155434571793 -82.7656040137331 
            -83.0654829831134 -82.9155434571793 
            -83.2154225970048 -83.0654829831134 
            -83.3653623048173 -83.2154225970048 
            -83.5153021130663 -83.3653623048173 
            -83.6652420288841 -83.5153021130663 
            -83.8151820600946 -83.6652420288841 
            -83.9651222152998 -83.8151820600946 
            -84.1150625039777 -83.9651222152998 
            -84.2650029365982 -84.1150625039777 
            -84.4149435247553 -84.2650029365982 
            -84.5648842813225 -84.4149435247553 
            -84.7148252206347 -84.5648842813225 
            -84.8647663587009 -84.7148252206347 
            -85.0147077134564 -84.8647663587009 
            -85.1646493050615 -85.0147077134564 
            -85.3145911562573 -85.1646493050615 
            -85.4645332927929 -85.3145911562573 
            -85.6144757439391 -85.4645332927929 
            -85.7644185431127 -85.6144757439391 
            -85.9143617286364 -85.7644185431127 
            -86.0643053446743 -85.9143617286364 
            -86.2142494423892 -86.0643053446743 
            -86.3641940813853 -86.2142494423892 
            -86.5141393315251 -86.3641940813853 
            -86.6640852752352 -86.5141393315251 
            -86.8140320104642 -86.6640852752352 
            -86.963979654517 -86.8140320104642 
            -87.1139283490857 -86.963979654517 
            -87.2638782669354 -87.1139283490857 
            -87.4138296209161 -87.2638782669354 
            -87.563782676308 -87.4138296209161 
            -87.7137377680257 -87.563782676308 
            -87.8636953250768 -87.7137377680257 
            -88.0136559061092 -87.8636953250768 
            -88.163620252396 -88.0136559061092 
            -88.3135893691293 -88.163620252396 
            -88.4635646543978 -88.3135893691293 
            -88.6135481120336 -88.4635646543978 
            -88.7635427197214 -88.6135481120336 
            -88.913553102903 -88.7635427197214 
            -89.0635868587486 -88.913553102903 
            -89.213657402977 -89.0635868587486 
            -89.3637908719294 -89.213657402977 
            -89.5140459402555 -89.3637908719294 
            -89.664587714207 -89.5140459402555 
            -89.8161347196638 -89.664587714207 
            -90 -89.8161347196638 
