#
# gridID 1
#
gridtype  = gaussian
gridsize  = 18432
xsize     = 192
ysize     = 96
xname     = lon
xlongname = "longitude"
xunits    = "degrees_east"
yname     = lat
ylongname = "latitude"
yunits    = "degrees_north"
xfirst    = 0
xinc      = 1.875
yvals     = 88.57217 86.72253 84.86197 82.99894 81.13498 79.27056 77.40589 75.54106 
            73.67613 71.81113 69.94608 68.08099 66.21587 64.35073 62.48557 60.6204 
            58.75521 56.89001 55.02481 53.1596 51.29438 49.42915 47.56393 45.69869 
            43.83346 41.96822 40.10298 38.23774 36.37249 34.50724 32.64199 30.77674 
            28.91149 27.04624 25.18099 23.31573 21.45048 19.58522 17.71996 15.8547 
            13.98945 12.12419 10.25893 8.393669 6.528409 4.66315 2.79789 0.9326299 
            -0.9326299 -2.79789 -4.66315 -6.528409 -8.393669 -10.25893 -12.12419 
            -13.98945 -15.8547 -17.71996 -19.58522 -21.45048 -23.31573 -25.18099 
            -27.04624 -28.91149 -30.77674 -32.64199 -34.50724 -36.37249 -38.23774 
            -40.10298 -41.96822 -43.83346 -45.69869 -47.56393 -49.42915 -51.29438 
            -53.1596 -55.02481 -56.89001 -58.75521 -60.6204 -62.48557 -64.35073 -66.21587 
            -68.08099 -69.94608 -71.81113 -73.67613 -75.54106 -77.40589 -79.27056 
            -81.13498 -82.99894 -84.86197 -86.72253 -88.57217 
