#
# gridID 1
#
gridtype  = gaussian
gridsize  = 294912
xsize     = 768
ysize     = 384
xname     = lon
xlongname = "longitude"
xunits    = "degrees_east"
yname     = lat
ylongname = "latitude"
yunits    = "degrees_north"
numLPE    = 192
xfirst    = 0
xinc      = 0.46875
yvals     = 89.6416480725934 89.1774327980165 88.7104760813539 88.2428999560018 87.7750888743169 
            87.3071640967019 86.8391757792909 86.3711483847176 85.9030952554449 85.435024284034 
            84.966940436571 84.498846993417 84.0307462082699 83.5626396805404 83.0945285766584 
            82.626413767268 82.1582959153746 81.6901755347503 81.2220530296775 80.753928722636 
            80.2858028739939 79.8176756962727 79.3495473646538 78.8814180248341 78.4132877989775 
            77.9451567902819 77.4770250865218 77.008892762826 76.5407598838755 76.0726265056586 
            75.6044926768839 75.1363584401259 74.6682238327616 74.2000888877395 73.7319536342175 
            73.2638180980922 72.7956823024425 72.3275462679031 71.8594100129795 71.3912735543158 
            70.9231369069231 70.4550000843749 69.9868630989754 69.5187259619044 69.0505886833428 
            68.5824512725821 68.1143137381191 67.6461760877393 67.1780383285901 66.7099004672443 
            66.2417625097573 65.7736244617168 65.3054863282871 64.8373481142486 64.3692098240329 
            63.9010714617539 63.4329330312359 62.9647945360387 62.4966559794801 62.0285173646561 
            61.5603786944591 61.0922399715947 60.6241011985961 60.1559623778379 59.6878235115486 
            59.2196846018212 58.7515456506236 58.2834066598079 57.8152676311188 57.3471285662011 
            56.8789894666071 56.4108503338027 55.9427111691737 55.4745719740308 55.0064327496151 
            54.5382934971023 54.0701542176073 53.6020149121878 53.1338755818481 52.6657362275424 
            52.1975968501781 51.7294574506184 51.261318029685 50.7931785881607 50.3250391267918 
            49.8568996462898 49.3887601473341 48.9206206305731 48.4524810966264 47.9843415460862 
            47.5162019795191 47.0480623974672 46.5799228004494 46.111783188963 45.6436435634845 
            45.1755039244708 44.7073642723602 44.2392246075735 43.7710849305146 43.3029452415717 
            42.8348055411178 42.3666658295115 41.8985261070978 41.430386374209 40.9622466311645 
            40.4941068782725 40.0259671158295 39.5578273441217 39.089687563425 38.6215477740054 
            38.1534079761198 37.6852681700163 37.2171283559344 36.7489885341056 36.2808487047536 
            35.812708868095 35.3445690243389 34.876429173688 34.4082893163383 33.9401494524799 
            33.4720095822967 33.003869705967 32.5357298236637 32.0675899355546 31.5994500418023 
            31.1313101425646 30.663170237995 30.1950303282423 29.7268904134512 29.2587504937622 
            28.7906105693122 28.322470640234 27.8543307066571 27.3861907687075 26.9180508265076 
            26.449910880177 25.9817709298319 25.513630975586 25.0454910175497 24.577351055831 
            24.1092110905351 23.6410711217649 23.1729311496206 22.7047911742003 22.2366511955998 
            21.7685112139128 21.3003712292308 20.8322312416436 20.3640912512387 19.8959512581021 
            19.4278112623178 18.9596712639685 18.4915312631347 18.0233912598958 17.5552512543294 
            17.087111246512 16.6189712365183 16.1508312244221 15.6826912102955 15.2145511942098 
            14.7464111762347 14.2782711564392 13.810131134891 13.3419911116567 12.873851086802 
            12.4057110603918 11.9375710324899 11.4694310031594 11.0012909724625 10.5331509404606 
            10.0650109072144 9.5968708727839 9.1287308372285 8.66059080060689 8.19245076297718 
            7.72431072439694 7.25617068492322 6.78803064461257 6.31989060352108 5.85175056170442 
            5.38361051921787 4.91547047611637 4.44733043245446 3.9791903882864 3.51105034366623 
            3.04291029864768 2.57477025328435 2.10663020762953 1.63849016173647 1.17035011565823 
            0.702210069447802 0.23407002315809 -0.23407002315809 -0.702210069447802 
            -1.17035011565823 -1.63849016173647 -2.10663020762953 -2.57477025328435 
            -3.04291029864768 -3.51105034366623 -3.9791903882864 -4.44733043245446 
            -4.91547047611637 -5.38361051921787 -5.85175056170442 -6.31989060352108 
            -6.78803064461257 -7.25617068492322 -7.72431072439694 -8.19245076297718 
            -8.66059080060689 -9.1287308372285 -9.5968708727839 -10.0650109072144 
            -10.5331509404606 -11.0012909724625 -11.4694310031594 -11.9375710324899 
            -12.4057110603918 -12.873851086802 -13.3419911116567 -13.810131134891 
            -14.2782711564392 -14.7464111762347 -15.2145511942098 -15.6826912102955 
            -16.1508312244221 -16.6189712365183 -17.087111246512 -17.5552512543294 
            -18.0233912598958 -18.4915312631347 -18.9596712639685 -19.4278112623178 
            -19.8959512581021 -20.3640912512387 -20.8322312416436 -21.3003712292308 
            -21.7685112139128 -22.2366511955998 -22.7047911742003 -23.1729311496206 
            -23.6410711217649 -24.1092110905351 -24.577351055831 -25.0454910175497 
            -25.513630975586 -25.9817709298319 -26.449910880177 -26.9180508265076 
            -27.3861907687075 -27.8543307066571 -28.322470640234 -28.7906105693122 
            -29.2587504937622 -29.7268904134512 -30.1950303282423 -30.663170237995 
            -31.1313101425646 -31.5994500418023 -32.0675899355546 -32.5357298236637 
            -33.003869705967 -33.4720095822967 -33.9401494524799 -34.4082893163383 
            -34.876429173688 -35.3445690243389 -35.812708868095 -36.2808487047536 
            -36.7489885341056 -37.2171283559344 -37.6852681700163 -38.1534079761198 
            -38.6215477740054 -39.089687563425 -39.5578273441217 -40.0259671158295 
            -40.4941068782725 -40.9622466311645 -41.430386374209 -41.8985261070978 
            -42.3666658295115 -42.8348055411178 -43.3029452415717 -43.7710849305146 
            -44.2392246075735 -44.7073642723602 -45.1755039244708 -45.6436435634845 
            -46.111783188963 -46.5799228004494 -47.0480623974672 -47.5162019795191 
            -47.9843415460862 -48.4524810966264 -48.9206206305731 -49.3887601473341 
            -49.8568996462898 -50.3250391267918 -50.7931785881607 -51.261318029685 
            -51.7294574506184 -52.1975968501781 -52.6657362275424 -53.1338755818481 
            -53.6020149121878 -54.0701542176073 -54.5382934971023 -55.0064327496151 
            -55.4745719740308 -55.9427111691737 -56.4108503338027 -56.8789894666071 
            -57.3471285662011 -57.8152676311188 -58.2834066598079 -58.7515456506236 
            -59.2196846018212 -59.6878235115486 -60.1559623778379 -60.6241011985961 
            -61.0922399715947 -61.5603786944591 -62.0285173646561 -62.4966559794801 
            -62.9647945360387 -63.4329330312359 -63.9010714617539 -64.3692098240329 
            -64.8373481142486 -65.3054863282871 -65.7736244617168 -66.2417625097573 
            -66.7099004672443 -67.1780383285901 -67.6461760877393 -68.1143137381191 
            -68.5824512725821 -69.0505886833428 -69.5187259619044 -69.9868630989754 
            -70.4550000843749 -70.9231369069231 -71.3912735543158 -71.8594100129795 
            -72.3275462679031 -72.7956823024425 -73.2638180980922 -73.7319536342175 
            -74.2000888877395 -74.6682238327616 -75.1363584401259 -75.6044926768839 
            -76.0726265056586 -76.5407598838755 -77.008892762826 -77.4770250865218 
            -77.9451567902819 -78.4132877989775 -78.8814180248341 -79.3495473646538 
            -79.8176756962727 -80.2858028739939 -80.753928722636 -81.2220530296775 
            -81.6901755347503 -82.1582959153746 -82.626413767268 -83.0945285766584 
            -83.5626396805404 -84.0307462082699 -84.498846993417 -84.966940436571 
            -85.435024284034 -85.9030952554449 -86.3711483847176 -86.8391757792909 
            -87.3071640967019 -87.7750888743169 -88.2428999560018 -88.7104760813539 
            -89.1774327980165 -89.6416480725934 
ybounds   = 89.4259287497963 90 
            88.9527628567429 89.4259287497963 
            88.482735536799 88.9527628567429 
            88.0136033804036 88.482735536799 
            87.5448508863275 88.0136033804036 
            87.0762948582635 87.5448508863275 
            86.6078536922898 87.0762948582635 
            86.1394855013123 86.6078536922898 
            85.6711665651381 86.1394855013123 
            85.2028824420237 85.6711665651381 
            84.734623834914 85.2028824420237 
            84.2663844873588 84.734623834914 
            83.7981600341824 84.2663844873588 
            83.3299473369264 83.7981600341824 
            82.8617440811497 83.3299473369264 
            82.3935485226118 82.8617440811497 
            81.9253593218405 82.3935485226118 
            81.4571754331435 81.9253593218405 
            80.9889960282455 81.4571754331435 
            80.520820442568 80.9889960282455 
            80.0526481366898 80.520820442568 
            79.5844786682062 80.0526481366898 
            79.1163116708544 79.5844786682062 
            78.6481468388074 79.1163116708544 
            78.1799839147013 78.6481468388074 
            77.7118226804005 78.1799839147013 
            77.2436629497977 77.7118226804005 
            76.7755045631428 77.2436629497977 
            76.3073473825361 76.7755045631428 
            75.8391912883161 76.3073473825361 
            75.3710361761398 75.8391912883161 
            74.9028819546079 75.3710361761398 
            74.4347285433173 74.9028819546079 
            73.9665758712559 74.4347285433173 
            73.49842387547 73.9665758712559 
            73.0302724999526 73.49842387547 
            72.5621216947109 73.0302724999526 
            72.0939714149799 72.5621216947109 
            71.6258216205563 72.0939714149799 
            71.1576722752318 71.6258216205563 
            70.6895233463088 71.1576722752318 
            70.2213748041847 70.6895233463088 
            69.7532266219942 70.2213748041847 
            69.2850787752998 69.7532266219942 
            68.8169312418237 69.2850787752998 
            68.3487840012142 68.8169312418237 
            67.8806370348418 68.3487840012142 
            67.4124903256207 67.8806370348418 
            66.9443438578522 67.4124903256207 
            66.4761976170865 66.9443438578522 
            66.0080515900007 66.4761976170865 
            65.5399057642915 66.0080515900007 
            65.0717601285789 65.5399057642915 
            64.6036146723211 65.0717601285789 
            64.1354693857392 64.6036146723211 
            63.6673242597486 64.1354693857392 
            63.1991792858989 63.6673242597486 
            62.7310344563193 63.1991792858989 
            62.2628897636697 62.7310344563193 
            61.7947452010965 62.2628897636697 
            61.326600762193 61.7947452010965 
            60.8584564409635 61.326600762193 
            60.3903122317908 60.8584564409635 
            59.9221681294067 60.3903122317908 
            59.4540241288652 59.9221681294067 
            58.9858802255184 59.4540241288652 
            58.5177364149939 58.9858802255184 
            58.0495926931752 58.5177364149939 
            57.5814490561825 58.0495926931752 
            57.1133055003567 57.5814490561825 
            56.645162022243 57.1133055003567 
            56.1770186185773 56.645162022243 
            55.7088752862733 56.1770186185773 
            55.2407320224101 55.7088752862733 
            54.7725888242212 55.2407320224101 
            54.3044456890848 54.7725888242212 
            53.8363026145142 54.3044456890848 
            53.368159598149 53.8363026145142 
            52.9000166377472 53.368159598149 
            52.431873731178 52.9000166377472 
            51.9637308764147 52.431873731178 
            51.4955880715287 51.9637308764147 
            51.0274453146831 51.4955880715287 
            50.5593026041276 51.0274453146831 
            50.0911599381936 50.5593026041276 
            49.6230173152887 50.0911599381936 
            49.1548747338933 49.6230173152887 
            48.6867321925557 49.1548747338933 
            48.2185896898886 48.6867321925557 
            47.7504472245656 48.2185896898886 
            47.2823047953177 47.7504472245656 
            46.8141624009301 47.2823047953177 
            46.3460200402395 46.8141624009301 
            45.8778777121313 46.3460200402395 
            45.409735415537 45.8778777121313 
            44.9415931494316 45.409735415537 
            44.4734509128319 44.9415931494316 
            44.0053087047937 44.4734509128319 
            43.5371665244102 44.0053087047937 
            43.0690243708102 43.5371665244102 
            42.600882243156 43.0690243708102 
            42.1327401406419 42.600882243156 
            41.6645980624929 42.1327401406419 
            41.1964560079629 41.6645980624929 
            40.7283139763334 41.1964560079629 
            40.2601719669121 40.7283139763334 
            39.7920299790318 40.2601719669121 
            39.3238880120494 39.7920299790318 
            38.8557460653442 39.3238880120494 
            38.3876041383177 38.8557460653442 
            37.9194622303917 38.3876041383177 
            37.451320341008 37.9194622303917 
            36.9831784696276 37.451320341008 
            36.515036615729 36.9831784696276 
            36.0468947788086 36.515036615729 
            35.5787529583788 36.0468947788086 
            35.1106111539681 35.5787529583788 
            34.6424693651202 35.1106111539681 
            34.174327591393 34.6424693651202 
            33.7061858323585 34.174327591393 
            33.2380440876018 33.7061858323585 
            32.7699023567209 33.2380440876018 
            32.3017606393259 32.7699023567209 
            31.8336189350386 32.3017606393259 
            31.3654772434919 31.8336189350386 
            30.8973355643295 31.3654772434919 
            30.4291938972055 30.8973355643295 
            29.9610522417838 30.4291938972055 
            29.4929105977378 29.9610522417838 
            29.0247689647499 29.4929105977378 
            28.5566273425115 29.0247689647499 
            28.0884857307221 28.5566273425115 
            27.6203441290896 28.0884857307221 
            27.1522025373293 27.6203441290896 
            26.684060955164 27.1522025373293 
            26.215919382324 26.684060955164 
            25.7477778185459 26.215919382324 
            25.2796362635735 25.7477778185459 
            24.8114947171564 25.2796362635735 
            24.3433531790506 24.8114947171564 
            23.8752116490181 24.3433531790506 
            23.4070701268261 23.8752116490181 
            22.9389286122477 23.4070701268261 
            22.4707871050608 22.9389286122477 
            22.0026456050485 22.4707871050608 
            21.5345041119989 22.0026456050485 
            21.0663626257042 21.5345041119989 
            20.5982211459617 21.0663626257042 
            20.1300796725725 20.5982211459617 
            19.661938205342 20.1300796725725 
            19.1937967440795 19.661938205342 
            18.7256552885982 19.1937967440795 
            18.2575138387148 18.7256552885982 
            17.7893723942497 18.2575138387148 
            17.3212309550265 17.7893723942497 
            16.853089520872 17.3212309550265 
            16.3849480916163 16.853089520872 
            15.9168066670922 16.3849480916163 
            15.4486652471357 15.9168066670922 
            14.9805238315852 15.4486652471357 
            14.512382420282 14.9805238315852 
            14.0442410130698 14.512382420282 
            13.5760996097946 14.0442410130698 
            13.1079582103048 13.5760996097946 
            12.6398168144511 13.1079582103048 
            12.171675422086 12.6398168144511 
            11.7035340330644 12.171675422086 
            11.2353926472429 11.7035340330644 
            10.7672512644798 11.2353926472429 
            10.2991098846353 10.7672512644798 
            9.8309685075713 10.2991098846353 
            9.36282713315105 9.8309685075713 
            8.89468576123942 9.36282713315105 
            8.42654439170263 8.89468576123942 
            7.9584030244082 8.42654439170263 
            7.49026165922504 7.9584030244082 
            7.02212029602299 7.49026165922504 
            6.55397893467307 7.02212029602299 
            6.0858375750474 6.55397893467307 
            5.61769621701891 6.0858375750474 
            5.14955486046153 5.61769621701891 
            4.68141350524977 5.14955486046153 
            4.21327215125906 4.68141350524977 
            3.74513079836545 4.21327215125906 
            3.27698944644555 3.74513079836545 
            2.80884809537651 3.27698944644555 
            2.34070674503594 2.80884809537651 
            1.87256539530181 2.34070674503594 
            1.40442404605247 1.87256539530181 
            0.936282697166504 1.40442404605247 
            0.468141348522638 0.936282697166504 
            -1.78111062161957e-13 0.468141348522638 
            -0.468141348522995 -1.78111062161957e-13 
            -0.936282697166854 -0.468141348522995 
            -1.40442404605282 -0.936282697166854 
            -1.87256539530217 -1.40442404605282 
            -2.34070674503629 -1.87256539530217 
            -2.80884809537686 -2.34070674503629 
            -3.2769894464459 -2.80884809537686 
            -3.74513079836581 -3.2769894464459 
            -4.21327215125944 -3.74513079836581 
            -4.68141350525014 -4.21327215125944 
            -5.1495548604619 -4.68141350525014 
            -5.61769621701928 -5.1495548604619 
            -6.08583757504776 -5.61769621701928 
            -6.55397893467343 -6.08583757504776 
            -7.02212029602335 -6.55397893467343 
            -7.4902616592254 -7.02212029602335 
            -7.95840302440855 -7.4902616592254 
            -8.42654439170299 -7.95840302440855 
            -8.89468576123978 -8.42654439170299 
            -9.3628271331514 -8.89468576123978 
            -9.83096850757166 -9.3628271331514 
            -10.2991098846357 -9.83096850757166 
            -10.7672512644802 -10.2991098846357 
            -11.2353926472433 -10.7672512644802 
            -11.7035340330648 -11.2353926472433 
            -12.1716754220864 -11.7035340330648 
            -12.6398168144514 -12.1716754220864 
            -13.1079582103052 -12.6398168144514 
            -13.5760996097949 -13.1079582103052 
            -14.0442410130701 -13.5760996097949 
            -14.5123824202824 -14.0442410130701 
            -14.9805238315856 -14.5123824202824 
            -15.448665247136 -14.9805238315856 
            -15.9168066670926 -15.448665247136 
            -16.3849480916166 -15.9168066670926 
            -16.8530895208724 -16.3849480916166 
            -17.3212309550268 -16.8530895208724 
            -17.7893723942501 -17.3212309550268 
            -18.2575138387152 -17.7893723942501 
            -18.7256552885985 -18.2575138387152 
            -19.1937967440799 -18.7256552885985 
            -19.6619382053423 -19.1937967440799 
            -20.1300796725728 -19.6619382053423 
            -20.5982211459621 -20.1300796725728 
            -21.0663626257046 -20.5982211459621 
            -21.5345041119992 -21.0663626257046 
            -22.0026456050489 -21.5345041119992 
            -22.4707871050611 -22.0026456050489 
            -22.938928612248 -22.4707871050611 
            -23.4070701268265 -22.938928612248 
            -23.8752116490184 -23.4070701268265 
            -24.343353179051 -23.8752116490184 
            -24.8114947171567 -24.343353179051 
            -25.2796362635738 -24.8114947171567 
            -25.7477778185463 -25.2796362635738 
            -26.2159193823243 -25.7477778185463 
            -26.6840609551644 -26.2159193823243 
            -27.1522025373296 -26.6840609551644 
            -27.6203441290899 -27.1522025373296 
            -28.0884857307225 -27.6203441290899 
            -28.5566273425119 -28.0884857307225 
            -29.0247689647503 -28.5566273425119 
            -29.4929105977381 -29.0247689647503 
            -29.9610522417842 -29.4929105977381 
            -30.4291938972059 -29.9610522417842 
            -30.8973355643299 -30.4291938972059 
            -31.3654772434923 -30.8973355643299 
            -31.8336189350389 -31.3654772434923 
            -32.3017606393263 -31.8336189350389 
            -32.7699023567213 -32.3017606393263 
            -33.2380440876022 -32.7699023567213 
            -33.7061858323588 -33.2380440876022 
            -34.1743275913934 -33.7061858323588 
            -34.6424693651206 -34.1743275913934 
            -35.1106111539685 -34.6424693651206 
            -35.5787529583791 -35.1106111539685 
            -36.0468947788089 -35.5787529583791 
            -36.5150366157294 -36.0468947788089 
            -36.9831784696279 -36.5150366157294 
            -37.4513203410084 -36.9831784696279 
            -37.919462230392 -37.4513203410084 
            -38.387604138318 -37.919462230392 
            -38.8557460653446 -38.387604138318 
            -39.3238880120497 -38.8557460653446 
            -39.7920299790322 -39.3238880120497 
            -40.2601719669125 -39.7920299790322 
            -40.7283139763337 -40.2601719669125 
            -41.1964560079633 -40.7283139763337 
            -41.6645980624933 -41.1964560079633 
            -42.1327401406423 -41.6645980624933 
            -42.6008822431564 -42.1327401406423 
            -43.0690243708106 -42.6008822431564 
            -43.5371665244106 -43.0690243708106 
            -44.0053087047941 -43.5371665244106 
            -44.4734509128323 -44.0053087047941 
            -44.9415931494321 -44.4734509128323 
            -45.4097354155374 -44.9415931494321 
            -45.8778777121317 -45.4097354155374 
            -46.3460200402399 -45.8778777121317 
            -46.8141624009305 -46.3460200402399 
            -47.2823047953181 -46.8141624009305 
            -47.7504472245661 -47.2823047953181 
            -48.2185896898891 -47.7504472245661 
            -48.6867321925562 -48.2185896898891 
            -49.1548747338938 -48.6867321925562 
            -49.6230173152892 -49.1548747338938 
            -50.091159938194 -49.6230173152892 
            -50.5593026041281 -50.091159938194 
            -51.0274453146835 -50.5593026041281 
            -51.4955880715291 -51.0274453146835 
            -51.9637308764152 -51.4955880715291 
            -52.4318737311784 -51.9637308764152 
            -52.9000166377476 -52.4318737311784 
            -53.3681595981494 -52.9000166377476 
            -53.8363026145147 -53.3681595981494 
            -54.3044456890853 -53.8363026145147 
            -54.7725888242217 -54.3044456890853 
            -55.2407320224105 -54.7725888242217 
            -55.7088752862738 -55.2407320224105 
            -56.1770186185779 -55.7088752862738 
            -56.6451620222435 -56.1770186185779 
            -57.1133055003572 -56.6451620222435 
            -57.5814490561831 -57.1133055003572 
            -58.0495926931757 -57.5814490561831 
            -58.5177364149945 -58.0495926931757 
            -58.9858802255189 -58.5177364149945 
            -59.4540241288658 -58.9858802255189 
            -59.9221681294073 -59.4540241288658 
            -60.3903122317914 -59.9221681294073 
            -60.8584564409641 -60.3903122317914 
            -61.3266007621936 -60.8584564409641 
            -61.7947452010971 -61.3266007621936 
            -62.2628897636704 -61.7947452010971 
            -62.73103445632 -62.2628897636704 
            -63.1991792858995 -62.73103445632 
            -63.6673242597492 -63.1991792858995 
            -64.1354693857398 -63.6673242597492 
            -64.6036146723218 -64.1354693857398 
            -65.0717601285796 -64.6036146723218 
            -65.5399057642922 -65.0717601285796 
            -66.0080515900014 -65.5399057642922 
            -66.4761976170872 -66.0080515900014 
            -66.9443438578529 -66.4761976170872 
            -67.4124903256214 -66.9443438578529 
            -67.8806370348425 -67.4124903256214 
            -68.3487840012149 -67.8806370348425 
            -68.8169312418244 -68.3487840012149 
            -69.2850787753005 -68.8169312418244 
            -69.7532266219949 -69.2850787753005 
            -70.2213748041855 -69.7532266219949 
            -70.6895233463097 -70.2213748041855 
            -71.1576722752327 -70.6895233463097 
            -71.6258216205572 -71.1576722752327 
            -72.0939714149807 -71.6258216205572 
            -72.5621216947118 -72.0939714149807 
            -73.0302724999535 -72.5621216947118 
            -73.4984238754709 -73.0302724999535 
            -73.9665758712569 -73.4984238754709 
            -74.4347285433183 -73.9665758712569 
            -74.902881954609 -74.4347285433183 
            -75.3710361761409 -74.902881954609 
            -75.8391912883172 -75.3710361761409 
            -76.3073473825373 -75.8391912883172 
            -76.775504563144 -76.3073473825373 
            -77.2436629497989 -76.775504563144 
            -77.7118226804018 -77.2436629497989 
            -78.1799839147026 -77.7118226804018 
            -78.6481468388087 -78.1799839147026 
            -79.1163116708558 -78.6481468388087 
            -79.5844786682076 -79.1163116708558 
            -80.0526481366913 -79.5844786682076 
            -80.5208204425695 -80.0526481366913 
            -80.9889960282471 -80.5208204425695 
            -81.4571754331453 -80.9889960282471 
            -81.9253593218423 -81.4571754331453 
            -82.3935485226138 -81.9253593218423 
            -82.8617440811519 -82.3935485226138 
            -83.3299473369287 -82.8617440811519 
            -83.7981600341849 -83.3299473369287 
            -84.2663844873615 -83.7981600341849 
            -84.734623834917 -84.2663844873615 
            -85.2028824420271 -84.734623834917 
            -85.6711665651418 -85.2028824420271 
            -86.1394855013165 -85.6711665651418 
            -86.6078536922946 -86.1394855013165 
            -87.0762948582692 -86.6078536922946 
            -87.5448508863343 -87.0762948582692 
            -88.0136033804119 -87.5448508863343 
            -88.4827355368101 -88.0136033804119 
            -88.9527628567586 -88.4827355368101 
            -89.4259287498255 -88.9527628567586 
            -90 -89.4259287498255 
